PP1S0        1   0.10000000000000000E+01  -0.99000000000000000E+02   0.32541359203005683E+02   0.32651000000000003E+02   0.30000000000000001E-02   0.00000000000000000E+00   0.00000000000000000E+00  -0.36546932331440019E+02
PP1S0        1   0.50000000000000000E+01  -0.99000000000000000E+02   0.54240277190465612E+02   0.54841000000000001E+02   0.60000000000000001E-02   0.00000000000000000E+00   0.00000000000000000E+00  -0.10012046825573151E+03
PP1S0        1   0.10000000000000000E+02  -0.99000000000000000E+02   0.54356831181639627E+02   0.55256000000000000E+02   0.10000000000000000E-01   0.00000000000000000E+00   0.00000000000000000E+00  -0.89916881836037277E+02
PP1S0        1   0.25000000000000000E+02  -0.99000000000000000E+02   0.47347693198466189E+02   0.48789000000000001E+02   0.12999999999999999E-01   0.00000000000000000E+00   0.00000000000000000E+00  -0.11086975396413943E+03
PP1S0        1   0.50000000000000000E+02  -0.99000000000000000E+02   0.37247508171822268E+02   0.39185000000000002E+02   0.17000000000000001E-01   0.00000000000000000E+00   0.00000000000000000E+00  -0.11397010753986670E+03
PP1S0        1   0.10000000000000000E+03  -0.99000000000000000E+02   0.23604081691692919E+02   0.25443999999999999E+02   0.33000000000000002E-01   0.00000000000000000E+00   0.00000000000000000E+00  -0.55755100251729701E+02
PP1S0        1   0.15000000000000000E+03  -0.99000000000000000E+02   0.15302084286364547E+02   0.15254000000000000E+02   0.45999999999999999E-01   0.00000000000000000E+00   0.00000000000000000E+00   0.10453105731423353E+01
PP1S0        1   0.20000000000000000E+03  -0.99000000000000000E+02   0.11098401536855270E+02   0.70410000000000004E+01   0.57000000000000002E-01   0.00000000000000000E+00   0.00000000000000000E+00   0.71182483102724035E+02
PP1S0        1   0.25000000000000000E+03  -0.99000000000000000E+02   0.10109176872448209E+02   0.31800000000000000E+00   0.73999999999999996E-01   0.00000000000000000E+00   0.00000000000000000E+00   0.13231320097902986E+03
PP1S0        1   0.30000000000000000E+03  -0.99000000000000000E+02   0.10554949192402537E+02  -0.50979999999999999E+01   0.10000000000000001E+00   0.00000000000000000E+00   0.00000000000000000E+00   0.15652949192402536E+03
PP1S0        1   0.35000000000000000E+03  -0.99000000000000000E+02   0.10392135351617654E+02  -0.93420000000000005E+01   0.13400000000000001E+00   0.00000000000000000E+00   0.00000000000000000E+00   0.14726966680311679E+03
PP1D2        2   0.10000000000000000E+01  -0.99000000000000000E+02   0.97690578988252844E-03   0.10000000000000000E-02   0.50000000000000001E-03   0.00000000000000000E+00   0.00000000000000000E+00  -0.46188420234943156E-01
PP1D2        2   0.50000000000000000E+01  -0.99000000000000000E+02   0.44857966685056011E-01   0.42000000000000003E-01   0.50000000000000001E-03   0.00000000000000000E+00   0.00000000000000000E+00   0.57159333701120163E+01
PP1D2        2   0.10000000000000000E+02  -0.99000000000000000E+02   0.17223096237667709E+00   0.16400000000000001E+00   0.50000000000000001E-03   0.00000000000000000E+00   0.00000000000000000E+00   0.16461924753354172E+02
PP1D2        2   0.25000000000000000E+02  -0.99000000000000000E+02   0.74659928393221864E+00   0.69399999999999995E+00   0.10000000000000000E-02   0.00000000000000000E+00   0.00000000000000000E+00   0.52599283932218690E+02
PP1D2        2   0.50000000000000000E+02  -0.99000000000000000E+02   0.19333673153741331E+01   0.17090000000000001E+01   0.40000000000000001E-02   0.00000000000000000E+00   0.00000000000000000E+00   0.56091828843533250E+02
PP1D2        2   0.10000000000000000E+03  -0.99000000000000000E+02   0.47026287228491084E+01   0.37810000000000001E+01   0.80000000000000002E-02   0.00000000000000000E+00   0.00000000000000000E+00   0.11520359035613853E+03
PP1D2        2   0.15000000000000000E+03  -0.99000000000000000E+02   0.72930230507421161E+01   0.56180000000000003E+01   0.14000000000000000E-01   0.00000000000000000E+00   0.00000000000000000E+00   0.11964450362443684E+03
PP1D2        2   0.20000000000000000E+03  -0.99000000000000000E+02   0.88813315462344917E+01   0.71920000000000002E+01   0.21000000000000001E-01   0.00000000000000000E+00   0.00000000000000000E+00   0.80444359344499588E+02
PP1D2        2   0.25000000000000000E+03  -0.99000000000000000E+02   0.90771885916486816E+01   0.85380000000000003E+01   0.24000000000000000E-01   0.00000000000000000E+00   0.00000000000000000E+00   0.22466191318695056E+02
PP1D2        2   0.30000000000000000E+03  -0.99000000000000000E+02   0.80152756062923380E+01   0.95770000000000000E+01   0.31000000000000000E-01   0.00000000000000000E+00   0.00000000000000000E+00  -0.50378206248634257E+02
PP1D2        2   0.35000000000000000E+03  -0.99000000000000000E+02   0.61733785325222916E+01   0.10183000000000000E+02   0.51999999999999998E-01   0.00000000000000000E+00   0.00000000000000000E+00  -0.77108105143802078E+02
PP1G4        3   0.10000000000000000E+01  -0.99000000000000000E+02   0.41990364925777960E-06   0.00000000000000000E+00   0.50000000000000001E-03   0.00000000000000000E+00   0.00000000000000000E+00   0.83980729851555920E-03
PP1G4        3   0.50000000000000000E+01  -0.99000000000000000E+02   0.33299005914369517E-03   0.00000000000000000E+00   0.50000000000000001E-03   0.00000000000000000E+00   0.00000000000000000E+00   0.66598011828739034E+00
PP1G4        3   0.10000000000000000E+02  -0.99000000000000000E+02   0.35048025775993937E-02   0.30000000000000001E-02   0.50000000000000001E-03   0.00000000000000000E+00   0.00000000000000000E+00   0.10096051551987872E+01
PP1G4        3   0.25000000000000000E+02  -0.99000000000000000E+02   0.40372163659945601E-01   0.40000000000000001E-01   0.50000000000000001E-03   0.00000000000000000E+00   0.00000000000000000E+00   0.74432731989119982E+00
PP1G4        3   0.50000000000000000E+02  -0.99000000000000000E+02   0.15498198092904367E+00   0.15200000000000000E+00   0.50000000000000001E-03   0.00000000000000000E+00   0.00000000000000000E+00   0.59639618580873410E+01
PP1G4        3   0.10000000000000000E+03  -0.99000000000000000E+02   0.42098886564744042E+00   0.41799999999999998E+00   0.20000000000000000E-02   0.00000000000000000E+00   0.00000000000000000E+00   0.14944328237202209E+01
PP1G4        3   0.15000000000000000E+03  -0.99000000000000000E+02   0.66593924664328974E+00   0.70299999999999996E+00   0.60000000000000001E-02   0.00000000000000000E+00   0.00000000000000000E+00  -0.61767922261183701E+01
PP1G4        3   0.20000000000000000E+03  -0.99000000000000000E+02   0.85104223670513046E+00   0.10060000000000000E+01   0.12000000000000000E-01   0.00000000000000000E+00   0.00000000000000000E+00  -0.12913146941239129E+02
PP1G4        3   0.25000000000000000E+03  -0.99000000000000000E+02   0.93416622492150192E+00   0.13069999999999999E+01   0.17000000000000001E-01   0.00000000000000000E+00   0.00000000000000000E+00  -0.21931398534029295E+02
PP1G4        3   0.30000000000000000E+03  -0.99000000000000000E+02   0.89029172348940666E+00   0.15860000000000001E+01   0.19000000000000000E-01   0.00000000000000000E+00   0.00000000000000000E+00  -0.36616225079504915E+02
PP1G4        3   0.35000000000000000E+03  -0.99000000000000000E+02   0.73383660061913858E+00   0.18420000000000001E+01   0.25999999999999999E-01   0.00000000000000000E+00   0.00000000000000000E+00  -0.42621669206956213E+02
PP3P0        4   0.10000000000000000E+01  -0.99000000000000000E+02   0.14223675654251350E+00   0.13300000000000001E+00   0.50000000000000001E-03   0.00000000000000000E+00   0.00000000000000000E+00   0.18473513085026983E+02
PP3P0        4   0.50000000000000000E+01  -0.99000000000000000E+02   0.16936453179961188E+01   0.15820000000000001E+01   0.30000000000000001E-02   0.00000000000000000E+00   0.00000000000000000E+00   0.37215105998706257E+02
PP3P0        4   0.10000000000000000E+02  -0.99000000000000000E+02   0.40354562711995552E+01   0.37370000000000001E+01   0.80000000000000002E-02   0.00000000000000000E+00   0.00000000000000000E+00   0.37307033899944386E+02
PP3P0        4   0.25000000000000000E+02  -0.99000000000000000E+02   0.94170657585074125E+01   0.86069999999999993E+01   0.20000000000000000E-01   0.00000000000000000E+00   0.00000000000000000E+00   0.40503287925370657E+02
PP3P0        4   0.50000000000000000E+02  -0.99000000000000000E+02   0.12352410017123626E+02   0.11523999999999999E+02   0.32000000000000001E-01   0.00000000000000000E+00   0.00000000000000000E+00   0.25887813035113339E+02
PP3P0        4   0.10000000000000000E+03  -0.99000000000000000E+02   0.77279855111464020E+01   0.94969999999999999E+01   0.56000000000000001E-01   0.00000000000000000E+00   0.00000000000000000E+00  -0.31589544443814248E+02
PP3P0        4   0.15000000000000000E+03  -0.99000000000000000E+02  -0.17043944079582407E+01   0.48159999999999998E+01   0.66000000000000003E-01   0.00000000000000000E+00   0.00000000000000000E+00  -0.98793854666033951E+02
PP3P0        4   0.20000000000000000E+03  -0.99000000000000000E+02  -0.12652032017095031E+02  -0.22700000000000001E+00   0.62000000000000000E-01   0.00000000000000000E+00   0.00000000000000000E+00  -0.20040374221121019E+03
PP3P0        4   0.25000000000000000E+03  -0.99000000000000000E+02  -0.23761423649184724E+02  -0.51210000000000004E+01   0.63000000000000000E-01   0.00000000000000000E+00   0.00000000000000000E+00  -0.29587974046324962E+03
PP3P0        4   0.30000000000000000E+03  -0.99000000000000000E+02  -0.33796643604794255E+02  -0.96630000000000003E+01   0.88999999999999996E-01   0.00000000000000000E+00   0.00000000000000000E+00  -0.27116453488532869E+03
PP3P0        4   0.35000000000000000E+03  -0.99000000000000000E+02  -0.40966465485653060E+02  -0.13677000000000000E+02   0.14099999999999999E+00   0.00000000000000000E+00   0.00000000000000000E+00  -0.19354230840888698E+03
PP3P1        5   0.10000000000000000E+01  -0.99000000000000000E+02  -0.78299417678475036E-01  -0.80000000000000002E-01   0.50000000000000001E-03   0.00000000000000000E+00   0.00000000000000000E+00   0.34011646430499307E+01
PP3P1        5   0.50000000000000000E+01  -0.99000000000000000E+02  -0.85934072169359876E+00  -0.89200000000000002E+00   0.10000000000000000E-02   0.00000000000000000E+00   0.00000000000000000E+00   0.32659278306401248E+02
PP3P1        5   0.10000000000000000E+02  -0.99000000000000000E+02  -0.19432143141125520E+01  -0.20369999999999999E+01   0.20000000000000000E-02   0.00000000000000000E+00   0.00000000000000000E+00   0.46892842943723977E+02
PP3P1        5   0.25000000000000000E+02  -0.99000000000000000E+02  -0.45841323223400634E+01  -0.48620000000000001E+01   0.60000000000000001E-02   0.00000000000000000E+00   0.00000000000000000E+00   0.46311279609989448E+02
PP3P1        5   0.50000000000000000E+02  -0.99000000000000000E+02  -0.78515742209090886E+01  -0.82080000000000002E+01   0.12000000000000000E-01   0.00000000000000000E+00   0.00000000000000000E+00   0.29702148257575963E+02
PP3P1        5   0.10000000000000000E+03  -0.99000000000000000E+02  -0.14142219876531614E+02  -0.13259000000000000E+02   0.19000000000000000E-01   0.00000000000000000E+00   0.00000000000000000E+00  -0.46485256659558630E+02
PP3P1        5   0.15000000000000000E+03  -0.99000000000000000E+02  -0.21743705684812138E+02  -0.17620000000000001E+02   0.25000000000000001E-01   0.00000000000000000E+00   0.00000000000000000E+00  -0.16494822739248548E+03
PP3P1        5   0.20000000000000000E+03  -0.99000000000000000E+02  -0.30552619771927557E+02  -0.21506000000000000E+02   0.35999999999999997E-01   0.00000000000000000E+00   0.00000000000000000E+00  -0.25129499366465436E+03
PP3P1        5   0.25000000000000000E+03  -0.99000000000000000E+02  -0.39868219175971625E+02  -0.24902999999999999E+02   0.50999999999999997E-01   0.00000000000000000E+00   0.00000000000000000E+00  -0.29343567011709075E+03
PP3P1        5   0.30000000000000000E+03  -0.99000000000000000E+02  -0.48583537210301671E+02  -0.27811000000000000E+02   0.64000000000000001E-01   0.00000000000000000E+00   0.00000000000000000E+00  -0.32457089391096360E+03
PP3P1        5   0.35000000000000000E+03  -0.99000000000000000E+02  -0.54853875357246395E+02  -0.30221000000000000E+02   0.75999999999999998E-01   0.00000000000000000E+00   0.00000000000000000E+00  -0.32411678101639995E+03
PP3F3        6   0.10000000000000000E+01  -0.99000000000000000E+02  -0.25787000280548224E-04   0.00000000000000000E+00   0.50000000000000001E-03   0.00000000000000000E+00   0.00000000000000000E+00  -0.51574000561096449E-01
PP3F3        6   0.50000000000000000E+01  -0.99000000000000000E+02  -0.50304317677183569E-02  -0.40000000000000001E-02   0.50000000000000001E-03   0.00000000000000000E+00   0.00000000000000000E+00  -0.20608635354367135E+01
PP3F3        6   0.10000000000000000E+02  -0.99000000000000000E+02  -0.32489042238684554E-01  -0.31000000000000000E-01   0.50000000000000001E-03   0.00000000000000000E+00   0.00000000000000000E+00  -0.29780844773691082E+01
PP3F3        6   0.25000000000000000E+02  -0.99000000000000000E+02  -0.22973884527541305E+00  -0.23000000000000001E+00   0.50000000000000001E-03   0.00000000000000000E+00   0.00000000000000000E+00   0.52230944917391886E+00
PP3F3        6   0.50000000000000000E+02  -0.99000000000000000E+02  -0.67405602981302615E+00  -0.68200000000000005E+00   0.20000000000000000E-02   0.00000000000000000E+00   0.00000000000000000E+00   0.39719850934869516E+01
PP3F3        6   0.10000000000000000E+03  -0.99000000000000000E+02  -0.13873981374046629E+01  -0.14730000000000001E+01   0.89999999999999993E-02   0.00000000000000000E+00   0.00000000000000000E+00   0.95113180661485774E+01
PP3F3        6   0.15000000000000000E+03  -0.99000000000000000E+02  -0.17047791594818067E+01  -0.20609999999999999E+01   0.19000000000000000E-01   0.00000000000000000E+00   0.00000000000000000E+00   0.18748465290431223E+02
PP3F3        6   0.20000000000000000E+03  -0.99000000000000000E+02  -0.16582519352845366E+01  -0.25049999999999999E+01   0.33000000000000002E-01   0.00000000000000000E+00   0.00000000000000000E+00   0.25659032264104948E+02
PP3F3        6   0.25000000000000000E+03  -0.99000000000000000E+02  -0.13492699193941875E+01  -0.27180000000000000E+01   0.45999999999999999E-01   0.00000000000000000E+00   0.00000000000000000E+00   0.29755001752300270E+02
PP3F3        6   0.30000000000000000E+03  -0.99000000000000000E+02  -0.92133243590302172E+00  -0.25470000000000002E+01   0.53999999999999999E-01   0.00000000000000000E+00   0.00000000000000000E+00   0.30104954890684787E+02
PP3F3        6   0.35000000000000000E+03  -0.99000000000000000E+02  -0.51765035293714456E+00  -0.19219999999999999E+01   0.68000000000000005E-01   0.00000000000000000E+00   0.00000000000000000E+00   0.20652200692100813E+02
PP3P2        7   0.10000000000000000E+01  -0.99000000000000000E+02   0.20982024050609064E-01   0.14000000000000000E-01   0.50000000000000001E-03   0.00000000000000000E+00   0.00000000000000000E+00   0.13964048101218127E+02
PP3P2        7   0.50000000000000000E+01  -0.99000000000000000E+02   0.32255399033614562E+00   0.21299999999999999E+00   0.10000000000000000E-02   0.00000000000000000E+00   0.00000000000000000E+00   0.10955399033614563E+03
PP3P2        7   0.10000000000000000E+02  -0.99000000000000000E+02   0.97481178382811151E+00   0.64800000000000002E+00   0.20000000000000000E-02   0.00000000000000000E+00   0.00000000000000000E+00   0.16340589191405573E+03
PP3P2        7   0.25000000000000000E+02  -0.99000000000000000E+02   0.37934946278923274E+01   0.24889999999999999E+01   0.50000000000000001E-02   0.00000000000000000E+00   0.00000000000000000E+00   0.26089892557846548E+03
PP3P2        7   0.50000000000000000E+02  -0.99000000000000000E+02   0.91856510483519997E+01   0.58540000000000001E+01   0.89999999999999993E-02   0.00000000000000000E+00   0.00000000000000000E+00   0.37018344981688887E+03
PP3P2        7   0.10000000000000000E+03  -0.99000000000000000E+02   0.17156441593132055E+02   0.10980000000000000E+02   0.17999999999999999E-01   0.00000000000000000E+00   0.00000000000000000E+00   0.34313564406289191E+03
PP3P2        7   0.15000000000000000E+03  -0.99000000000000000E+02   0.19909732461488463E+02   0.14007999999999999E+02   0.19000000000000000E-01   0.00000000000000000E+00   0.00000000000000000E+00   0.31061749797307709E+03
PP3P2        7   0.20000000000000000E+03  -0.99000000000000000E+02   0.18952585981768969E+02   0.15784000000000001E+02   0.25000000000000001E-01   0.00000000000000000E+00   0.00000000000000000E+00   0.12674343927075874E+03
PP3P2        7   0.25000000000000000E+03  -0.99000000000000000E+02   0.15907813393147935E+02   0.16715000000000000E+02   0.32000000000000001E-01   0.00000000000000000E+00   0.00000000000000000E+00  -0.25224581464127038E+02
PP3P2        7   0.30000000000000000E+03  -0.99000000000000000E+02   0.11969506618313257E+02   0.16951000000000001E+02   0.33000000000000002E-01   0.00000000000000000E+00   0.00000000000000000E+00  -0.15095434489959825E+03
PP3P2        7   0.35000000000000000E+03  -0.99000000000000000E+02   0.80237357018918356E+01   0.16600000000000001E+02   0.29999999999999999E-01   0.00000000000000000E+00   0.00000000000000000E+00  -0.28587547660360553E+03
PPE2         8   0.10000000000000000E+01  -0.99000000000000000E+02  -0.11436660670524124E-02  -0.10000000000000000E-02   0.50000000000000001E-03   0.00000000000000000E+00   0.00000000000000000E+00  -0.28733213410482483E+00
PPE2         8   0.50000000000000000E+01  -0.99000000000000000E+02  -0.53019134156130986E-01  -0.51999999999999998E-01   0.50000000000000001E-03   0.00000000000000000E+00   0.00000000000000000E+00  -0.20382683122619758E+01
PPE2         8   0.10000000000000000E+02  -0.99000000000000000E+02  -0.20283569128256310E+00  -0.20100000000000001E+00   0.50000000000000001E-03   0.00000000000000000E+00   0.00000000000000000E+00  -0.36713825651261689E+01
PPE2         8   0.25000000000000000E+02  -0.99000000000000000E+02  -0.81858628486494256E+00  -0.81100000000000005E+00   0.10000000000000000E-02   0.00000000000000000E+00   0.00000000000000000E+00  -0.75862848649425052E+01
PPE2         8   0.50000000000000000E+02  -0.99000000000000000E+02  -0.17010505769207673E+01  -0.17080000000000000E+01   0.40000000000000001E-02   0.00000000000000000E+00   0.00000000000000000E+00   0.17373557698081576E+01
PPE2         8   0.10000000000000000E+03  -0.99000000000000000E+02  -0.24513225124492730E+01  -0.26429999999999998E+01   0.80000000000000002E-02   0.00000000000000000E+00   0.00000000000000000E+00   0.23959685943840846E+02
PPE2         8   0.15000000000000000E+03  -0.99000000000000000E+02  -0.23903334782841905E+01  -0.29129999999999998E+01   0.12000000000000000E-01   0.00000000000000000E+00   0.00000000000000000E+00   0.43555543476317439E+02
PPE2         8   0.20000000000000000E+03  -0.99000000000000000E+02  -0.20211423542226647E+01  -0.29009999999999998E+01   0.16000000000000000E-01   0.00000000000000000E+00   0.00000000000000000E+00   0.54991102861083441E+02
PPE2         8   0.25000000000000000E+03  -0.99000000000000000E+02  -0.15643509280033030E+01  -0.27029999999999998E+01   0.21999999999999999E-01   0.00000000000000000E+00   0.00000000000000000E+00   0.51756775999849857E+02
PPE2         8   0.30000000000000000E+03  -0.99000000000000000E+02  -0.11167408789590421E+01  -0.23119999999999998E+01   0.29999999999999999E-01   0.00000000000000000E+00   0.00000000000000000E+00   0.39841970701365263E+02
PPE2         8   0.35000000000000000E+03  -0.99000000000000000E+02  -0.72808905898002974E+00  -0.17300000000000000E+01   0.39000000000000000E-01   0.00000000000000000E+00   0.00000000000000000E+00   0.25690024128717187E+02
PP3F2        9   0.10000000000000000E+01  -0.99000000000000000E+02   0.95158527213253400E-05   0.00000000000000000E+00   0.50000000000000001E-03   0.00000000000000000E+00   0.00000000000000000E+00   0.19031705442650679E-01
PP3F2        9   0.50000000000000000E+01  -0.99000000000000000E+02   0.19964323496040525E-02   0.20000000000000000E-02   0.50000000000000001E-03   0.00000000000000000E+00   0.00000000000000000E+00  -0.71353007918949912E-02
PP3F2        9   0.10000000000000000E+02  -0.99000000000000000E+02   0.13695278051122188E-01   0.12999999999999999E-01   0.50000000000000001E-03   0.00000000000000000E+00   0.00000000000000000E+00   0.13905561022443773E+01
PP3F2        9   0.25000000000000000E+02  -0.99000000000000000E+02   0.10797297456997910E+00   0.10500000000000000E+00   0.50000000000000001E-03   0.00000000000000000E+00   0.00000000000000000E+00   0.59459491399582172E+01
PP3F2        9   0.50000000000000000E+02  -0.99000000000000000E+02   0.35694125559257722E+00   0.34100000000000003E+00   0.10000000000000000E-02   0.00000000000000000E+00   0.00000000000000000E+00   0.15941255592577196E+02
PP3F2        9   0.10000000000000000E+03  -0.99000000000000000E+02   0.93586394921274818E+00   0.83199999999999996E+00   0.80000000000000002E-02   0.00000000000000000E+00   0.00000000000000000E+00   0.12982993651593526E+02
PP3F2        9   0.15000000000000000E+03  -0.99000000000000000E+02   0.15189944599157319E+01   0.11919999999999999E+01   0.17000000000000001E-01   0.00000000000000000E+00   0.00000000000000000E+00   0.19234968230337174E+02
PP3F2        9   0.20000000000000000E+03  -0.99000000000000000E+02   0.19743595735019654E+01   0.13270000000000000E+01   0.21999999999999999E-01   0.00000000000000000E+00   0.00000000000000000E+00   0.29425435159180250E+02
PP3F2        9   0.25000000000000000E+03  -0.99000000000000000E+02   0.21651948775205252E+01   0.12230000000000001E+01   0.27000000000000000E-01   0.00000000000000000E+00   0.00000000000000000E+00   0.34896106574834263E+02
PP3F2        9   0.30000000000000000E+03  -0.99000000000000000E+02   0.20359987128868022E+01   0.92100000000000004E+00   0.39000000000000000E-01   0.00000000000000000E+00   0.00000000000000000E+00   0.28589710586841083E+02
PP3F2        9   0.35000000000000000E+03  -0.99000000000000000E+02   0.16458037659377089E+01   0.46100000000000002E+00   0.55000000000000000E-01   0.00000000000000000E+00   0.00000000000000000E+00   0.21541886653412888E+02
PP3F4       10   0.10000000000000000E+01  -0.99000000000000000E+02   0.20034806262167967E-06   0.00000000000000000E+00   0.50000000000000001E-03   0.00000000000000000E+00   0.00000000000000000E+00   0.40069612524335933E-03
PP3F4       10   0.50000000000000000E+01  -0.99000000000000000E+02   0.12260481139876324E-03   0.00000000000000000E+00   0.50000000000000001E-03   0.00000000000000000E+00   0.00000000000000000E+00   0.24520962279752648E+00
PP3F4       10   0.10000000000000000E+02  -0.99000000000000000E+02   0.13785248203361635E-02   0.10000000000000000E-02   0.50000000000000001E-03   0.00000000000000000E+00   0.00000000000000000E+00   0.75704964067232694E+00
PP3F4       10   0.25000000000000000E+02  -0.99000000000000000E+02   0.20646745608889881E-01   0.19000000000000000E-01   0.50000000000000001E-03   0.00000000000000000E+00   0.00000000000000000E+00   0.32934912177797622E+01
PP3F4       10   0.50000000000000000E+02  -0.99000000000000000E+02   0.11039311186004122E+00   0.10199999999999999E+00   0.10000000000000000E-02   0.00000000000000000E+00   0.00000000000000000E+00   0.83931118600412269E+01
PP3F4       10   0.10000000000000000E+03  -0.99000000000000000E+02   0.44742332596035567E+00   0.46100000000000002E+00   0.50000000000000001E-02   0.00000000000000000E+00   0.00000000000000000E+00  -0.27153348079288708E+01
PP3F4       10   0.15000000000000000E+03  -0.99000000000000000E+02   0.87556984487780654E+00   0.10129999999999999E+01   0.89999999999999993E-02   0.00000000000000000E+00   0.00000000000000000E+00  -0.15270017235799264E+02
PP3F4       10   0.20000000000000000E+03  -0.99000000000000000E+02   0.12535997117277495E+01   0.16339999999999999E+01   0.16000000000000000E-01   0.00000000000000000E+00   0.00000000000000000E+00  -0.23775018017015647E+02
PP3F4       10   0.25000000000000000E+03  -0.99000000000000000E+02   0.14591200090097471E+01   0.22000000000000002E+01   0.21999999999999999E-01   0.00000000000000000E+00   0.00000000000000000E+00  -0.33676363226829686E+02
PP3F4       10   0.30000000000000000E+03  -0.99000000000000000E+02   0.14301862059845254E+01   0.26440000000000001E+01   0.27000000000000000E-01   0.00000000000000000E+00   0.00000000000000000E+00  -0.44956066445017584E+02
PP3F4       10   0.35000000000000000E+03  -0.99000000000000000E+02   0.11924635075842498E+01   0.29700000000000002E+01   0.42000000000000003E-01   0.00000000000000000E+00   0.00000000000000000E+00  -0.42322297438470244E+02
PPE4        11   0.10000000000000000E+01  -0.99000000000000000E+02  -0.47146201657483755E-06   0.00000000000000000E+00   0.50000000000000001E-03   0.00000000000000000E+00   0.00000000000000000E+00  -0.94292403314967510E-03
PPE4        11   0.50000000000000000E+01  -0.99000000000000000E+02  -0.38086434512129603E-03   0.00000000000000000E+00   0.50000000000000001E-03   0.00000000000000000E+00   0.00000000000000000E+00  -0.76172869024259204E+00
PPE4        11   0.10000000000000000E+02  -0.99000000000000000E+02  -0.40867896938839307E-02  -0.40000000000000001E-02   0.50000000000000001E-03   0.00000000000000000E+00   0.00000000000000000E+00  -0.17357938776786130E+00
PPE4        11   0.25000000000000000E+02  -0.99000000000000000E+02  -0.49094323989416287E-01  -0.49000000000000002E-01   0.50000000000000001E-03   0.00000000000000000E+00   0.00000000000000000E+00  -0.18864797883257067E+00
PPE4        11   0.50000000000000000E+02  -0.99000000000000000E+02  -0.19490253797565318E+00  -0.19700000000000001E+00   0.50000000000000001E-03   0.00000000000000000E+00   0.00000000000000000E+00   0.41949240486936485E+01
PPE4        11   0.10000000000000000E+03  -0.99000000000000000E+02  -0.52207812016453381E+00  -0.55400000000000005E+00   0.10000000000000000E-02   0.00000000000000000E+00   0.00000000000000000E+00   0.31921879835466239E+02
PPE4        11   0.15000000000000000E+03  -0.99000000000000000E+02  -0.76384846180676735E+00  -0.87700000000000000E+00   0.30000000000000001E-02   0.00000000000000000E+00   0.00000000000000000E+00   0.37717179397744218E+02
PPE4        11   0.20000000000000000E+03  -0.99000000000000000E+02  -0.87357390153200010E+00  -0.11290000000000000E+01   0.50000000000000001E-02   0.00000000000000000E+00   0.00000000000000000E+00   0.51085219693599981E+02
PPE4        11   0.25000000000000000E+03  -0.99000000000000000E+02  -0.84619930808957844E+00  -0.13080000000000001E+01   0.60000000000000001E-02   0.00000000000000000E+00   0.00000000000000000E+00   0.76966781985070270E+02
PPE4        11   0.30000000000000000E+03  -0.99000000000000000E+02  -0.70986997939465135E+00  -0.14339999999999999E+01   0.70000000000000001E-02   0.00000000000000000E+00   0.00000000000000000E+00   0.10344714580076408E+03
PPE4        11   0.35000000000000000E+03  -0.99000000000000000E+02  -0.51717120660974292E+00  -0.15409999999999999E+01   0.10000000000000000E-01   0.00000000000000000E+00   0.00000000000000000E+00   0.10238287933902569E+03
PP3H4       12   0.10000000000000000E+01  -0.99000000000000000E+02   0.23377425577366846E-08   0.00000000000000000E+00   0.50000000000000001E-03   0.00000000000000000E+00   0.00000000000000000E+00   0.46754851154733693E-05
PP3H4       12   0.50000000000000000E+01  -0.99000000000000000E+02   0.86147131572529639E-05   0.00000000000000000E+00   0.50000000000000001E-03   0.00000000000000000E+00   0.00000000000000000E+00   0.17229426314505927E-01
PP3H4       12   0.10000000000000000E+02  -0.99000000000000000E+02   0.16872349527824489E-03   0.00000000000000000E+00   0.50000000000000001E-03   0.00000000000000000E+00   0.00000000000000000E+00   0.33744699055648980E+00
PP3H4       12   0.25000000000000000E+02  -0.99000000000000000E+02   0.41359892439019373E-02   0.40000000000000001E-02   0.50000000000000001E-03   0.00000000000000000E+00   0.00000000000000000E+00   0.27197848780387451E+00
PP3H4       12   0.50000000000000000E+02  -0.99000000000000000E+02   0.26365340558363707E-01   0.25999999999999999E-01   0.50000000000000001E-03   0.00000000000000000E+00   0.00000000000000000E+00   0.73068111672741631E+00
PP3H4       12   0.10000000000000000E+03  -0.99000000000000000E+02   0.10872194471439328E+00   0.11000000000000000E+00   0.50000000000000001E-03   0.00000000000000000E+00   0.00000000000000000E+00  -0.25561105712134378E+01
PP3H4       12   0.15000000000000000E+03  -0.99000000000000000E+02   0.20501665759623292E+00   0.22000000000000000E+00   0.20000000000000000E-02   0.00000000000000000E+00   0.00000000000000000E+00  -0.74916712018835430E+01
PP3H4       12   0.20000000000000000E+03  -0.99000000000000000E+02   0.28546900911962003E+00   0.34100000000000003E+00   0.60000000000000001E-02   0.00000000000000000E+00   0.00000000000000000E+00  -0.92551651467299987E+01
PP3H4       12   0.25000000000000000E+03  -0.99000000000000000E+02   0.32831861417846803E+00   0.46400000000000002E+00   0.12000000000000000E-01   0.00000000000000000E+00   0.00000000000000000E+00  -0.11306782151794334E+02
PP3H4       12   0.30000000000000000E+03  -0.99000000000000000E+02   0.32215669933893337E+00   0.57199999999999995E+00   0.19000000000000000E-01   0.00000000000000000E+00   0.00000000000000000E+00  -0.13149647403214031E+02
PP3H4       12   0.35000000000000000E+03  -0.99000000000000000E+02   0.27110259291585814E+00   0.65000000000000002E+00   0.25999999999999999E-01   0.00000000000000000E+00   0.00000000000000000E+00  -0.14572977195543919E+02
NP1S0       13   0.10000000000000000E+01  -0.99000000000000000E+02   0.61780662530299104E+02   0.62076999999999998E+02   0.17999999999999999E-01   0.00000000000000000E+00   0.00000000000000000E+00  -0.16463192761160805E+02
NP1S0       13   0.50000000000000000E+01  -0.99000000000000000E+02   0.62930386766856749E+02   0.63659999999999997E+02   0.43999999999999997E-01   0.00000000000000000E+00   0.00000000000000000E+00  -0.16582118935073808E+02
NP1S0       13   0.10000000000000000E+02  -0.99000000000000000E+02   0.58952809998032535E+02   0.60020000000000003E+02   0.63000000000000000E-01   0.00000000000000000E+00   0.00000000000000000E+00  -0.16939523840753463E+02
NP1S0       13   0.25000000000000000E+02  -0.99000000000000000E+02   0.49301601492538225E+02   0.51070999999999998E+02   0.99000000000000005E-01   0.00000000000000000E+00   0.00000000000000000E+00  -0.17872712196583564E+02
NP1S0       13   0.50000000000000000E+02  -0.99000000000000000E+02   0.38367610690739205E+02   0.40884999999999998E+02   0.14699999999999999E+00   0.00000000000000000E+00   0.00000000000000000E+00  -0.17125097341910156E+02
NP1S0       13   0.10000000000000000E+03  -0.99000000000000000E+02   0.24533616495274135E+02   0.27210000000000001E+02   0.23000000000000001E+00   0.00000000000000000E+00   0.00000000000000000E+00  -0.11636450020547242E+02
NP1S0       13   0.15000000000000000E+03  -0.99000000000000000E+02   0.16404596882794053E+02   0.17100000000000001E+02   0.26600000000000001E+00   0.00000000000000000E+00   0.00000000000000000E+00  -0.26142974331050701E+01
NP1S0       13   0.20000000000000000E+03  -0.99000000000000000E+02   0.12397630221814062E+02   0.88300000000000001E+01   0.26700000000000002E+00   0.00000000000000000E+00   0.00000000000000000E+00   0.13361910943123826E+02
NP1S0       13   0.25000000000000000E+03  -0.99000000000000000E+02   0.11407198618166033E+02   0.19710000000000001E+01   0.28100000000000003E+00   0.00000000000000000E+00   0.00000000000000000E+00   0.33580778000590861E+02
NP1S0       13   0.30000000000000000E+03  -0.99000000000000000E+02   0.11552433961970639E+02  -0.36179999999999999E+01   0.34399999999999997E+00   0.00000000000000000E+00   0.00000000000000000E+00   0.44100098726658835E+02
NP1S0       13   0.35000000000000000E+03  -0.99000000000000000E+02   0.10942767444080381E+02  -0.80440000000000005E+01   0.45300000000000001E+00   0.00000000000000000E+00   0.00000000000000000E+00   0.41913393916292229E+02
NP1D2       14   0.10000000000000000E+01  -0.99000000000000000E+02   0.11510929977479264E-02   0.10000000000000000E-02   0.50000000000000001E-03   0.00000000000000000E+00   0.00000000000000000E+00   0.30218599549585279E+00
NP1D2       14   0.50000000000000000E+01  -0.99000000000000000E+02   0.42952957808166055E-01   0.41000000000000002E-01   0.50000000000000001E-03   0.00000000000000000E+00   0.00000000000000000E+00   0.39059156163321060E+01
NP1D2       14   0.10000000000000000E+02  -0.99000000000000000E+02   0.16376964276476674E+00   0.15500000000000000E+00   0.50000000000000001E-03   0.00000000000000000E+00   0.00000000000000000E+00   0.17539285529533487E+02
NP1D2       14   0.25000000000000000E+02  -0.99000000000000000E+02   0.73276401332571284E+00   0.67400000000000004E+00   0.10000000000000000E-02   0.00000000000000000E+00   0.00000000000000000E+00   0.58764013325712796E+02
NP1D2       14   0.50000000000000000E+02  -0.99000000000000000E+02   0.19520231198371785E+01   0.17020000000000000E+01   0.40000000000000001E-02   0.00000000000000000E+00   0.00000000000000000E+00   0.62505779959294628E+02
NP1D2       14   0.10000000000000000E+03  -0.99000000000000000E+02   0.48042185501717443E+01   0.37749999999999999E+01   0.80000000000000002E-02   0.00000000000000000E+00   0.00000000000000000E+00   0.12865231877146803E+03
NP1D2       14   0.15000000000000000E+03  -0.99000000000000000E+02   0.74286927845044497E+01   0.55709999999999997E+01   0.14000000000000000E-01   0.00000000000000000E+00   0.00000000000000000E+00   0.13269234175031787E+03
NP1D2       14   0.20000000000000000E+03  -0.99000000000000000E+02   0.89945286049125048E+01   0.71059999999999999E+01   0.21999999999999999E-01   0.00000000000000000E+00   0.00000000000000000E+00   0.85842209314204780E+02
NP1D2       14   0.25000000000000000E+03  -0.99000000000000000E+02   0.91363337684114914E+01   0.84239999999999995E+01   0.24000000000000000E-01   0.00000000000000000E+00   0.00000000000000000E+00   0.29680573683812160E+02
NP1D2       14   0.30000000000000000E+03  -0.99000000000000000E+02   0.80178877698026607E+01   0.94320000000000004E+01   0.32000000000000001E-01   0.00000000000000000E+00   0.00000000000000000E+00  -0.44191007193666863E+02
NP1D2       14   0.35000000000000000E+03  -0.99000000000000000E+02   0.61357710086464907E+01   0.99939999999999998E+01   0.53999999999999999E-01   0.00000000000000000E+00   0.00000000000000000E+00  -0.71448685025064989E+02
NP1G4       15   0.10000000000000000E+01  -0.99000000000000000E+02   0.35064675035613431E-06   0.00000000000000000E+00   0.50000000000000001E-03   0.00000000000000000E+00   0.00000000000000000E+00   0.70129350071226860E-03
NP1G4       15   0.50000000000000000E+01  -0.99000000000000000E+02   0.23918192735303371E-03   0.00000000000000000E+00   0.50000000000000001E-03   0.00000000000000000E+00   0.00000000000000000E+00   0.47836385470606740E+00
NP1G4       15   0.10000000000000000E+02  -0.99000000000000000E+02   0.26007507373785603E-02   0.20000000000000000E-02   0.50000000000000001E-03   0.00000000000000000E+00   0.00000000000000000E+00   0.12015014747571204E+01
NP1G4       15   0.25000000000000000E+02  -0.99000000000000000E+02   0.32842628578106763E-01   0.32000000000000001E-01   0.50000000000000001E-03   0.00000000000000000E+00   0.00000000000000000E+00   0.16852571562135237E+01
NP1G4       15   0.50000000000000000E+02  -0.99000000000000000E+02   0.13618212317617820E+00   0.13200000000000001E+00   0.10000000000000000E-02   0.00000000000000000E+00   0.00000000000000000E+00   0.41821231761781927E+01
NP1G4       15   0.10000000000000000E+03  -0.99000000000000000E+02   0.39602711320790690E+00   0.37000000000000000E+00   0.89999999999999993E-02   0.00000000000000000E+00   0.00000000000000000E+00   0.28919014675452117E+01
NP1G4       15   0.15000000000000000E+03  -0.99000000000000000E+02   0.64637387300213456E+00   0.60599999999999998E+00   0.29999999999999999E-01   0.00000000000000000E+00   0.00000000000000000E+00   0.13457957667378193E+01
NP1G4       15   0.20000000000000000E+03  -0.99000000000000000E+02   0.83923054710918865E+00   0.84899999999999998E+00   0.58999999999999997E-01   0.00000000000000000E+00   0.00000000000000000E+00  -0.16558394730188689E+00
NP1G4       15   0.25000000000000000E+03  -0.99000000000000000E+02   0.92821730376745271E+00   0.11190000000000000E+01   0.81000000000000003E-01   0.00000000000000000E+00   0.00000000000000000E+00  -0.23553419287968800E+01
NP1G4       15   0.30000000000000000E+03  -0.99000000000000000E+02   0.88702578770767038E+00   0.14379999999999999E+01   0.85000000000000006E-01   0.00000000000000000E+00   0.00000000000000000E+00  -0.64820495563803471E+01
NP1G4       15   0.35000000000000000E+03  -0.99000000000000000E+02   0.73086250172674827E+00   0.18290000000000000E+01   0.83000000000000004E-01   0.00000000000000000E+00   0.00000000000000000E+00  -0.13230572268352429E+02
NP3P0       16   0.10000000000000000E+01  -0.99000000000000000E+02   0.18957783928605343E+00   0.18099999999999999E+00   0.50000000000000001E-03   0.00000000000000000E+00   0.00000000000000000E+00   0.17155678572106869E+02
NP3P0       16   0.50000000000000000E+01  -0.99000000000000000E+02   0.17410329196264556E+01   0.16570000000000000E+01   0.30000000000000001E-02   0.00000000000000000E+00   0.00000000000000000E+00   0.28010973208818513E+02
NP3P0       16   0.10000000000000000E+02  -0.99000000000000000E+02   0.39598929344464930E+01   0.37540000000000000E+01   0.80000000000000002E-02   0.00000000000000000E+00   0.00000000000000000E+00   0.25736616805811629E+02
NP3P0       16   0.25000000000000000E+02  -0.99000000000000000E+02   0.89642917002079283E+01   0.84789999999999992E+01   0.21000000000000001E-01   0.00000000000000000E+00   0.00000000000000000E+00   0.23109128581329955E+02
NP3P0       16   0.50000000000000000E+02  -0.99000000000000000E+02   0.11564116002978540E+02   0.11300000000000001E+02   0.33000000000000002E-01   0.00000000000000000E+00   0.00000000000000000E+00   0.80035152417739290E+01
NP3P0       16   0.10000000000000000E+03  -0.99000000000000000E+02   0.67366919600671675E+01   0.91400000000000006E+01   0.57000000000000002E-01   0.00000000000000000E+00   0.00000000000000000E+00  -0.42163298946190054E+02
NP3P0       16   0.15000000000000000E+03  -0.99000000000000000E+02  -0.27364278788531191E+01   0.43360000000000003E+01   0.66000000000000003E-01   0.00000000000000000E+00   0.00000000000000000E+00  -0.10715799816444120E+03
NP3P0       16   0.20000000000000000E+03  -0.99000000000000000E+02  -0.13675897116521005E+02  -0.79600000000000004E+00   0.62000000000000000E-01   0.00000000000000000E+00   0.00000000000000000E+00  -0.20774027607291944E+03
NP3P0       16   0.25000000000000000E+03  -0.99000000000000000E+02  -0.24739984556967418E+02  -0.57489999999999997E+01   0.64000000000000001E-01   0.00000000000000000E+00   0.00000000000000000E+00  -0.29673413370261591E+03
NP3P0       16   0.30000000000000000E+03  -0.99000000000000000E+02  -0.34674308737225644E+02  -0.10324999999999999E+02   0.90999999999999998E-01   0.00000000000000000E+00   0.00000000000000000E+00  -0.26757482128819390E+03
NP3P0       16   0.35000000000000000E+03  -0.99000000000000000E+02  -0.41635697545634997E+02  -0.14349000000000000E+02   0.14499999999999999E+00   0.00000000000000000E+00   0.00000000000000000E+00  -0.18818412100437931E+03
NP3P1       17   0.10000000000000000E+01  -0.99000000000000000E+02  -0.10292081784216228E+00  -0.10700000000000000E+00   0.50000000000000001E-03   0.00000000000000000E+00   0.00000000000000000E+00   0.81583643156754313E+01
NP3P1       17   0.50000000000000000E+01  -0.99000000000000000E+02  -0.88214042062617115E+00  -0.93300000000000005E+00   0.10000000000000000E-02   0.00000000000000000E+00   0.00000000000000000E+00   0.50859579373828900E+02
NP3P1       17   0.10000000000000000E+02  -0.99000000000000000E+02  -0.19254505812281026E+01  -0.20569999999999999E+01   0.20000000000000000E-02   0.00000000000000000E+00   0.00000000000000000E+00   0.65774709385948654E+02
NP3P1       17   0.25000000000000000E+02  -0.99000000000000000E+02  -0.44996319875209014E+01  -0.48769999999999998E+01   0.60000000000000001E-02   0.00000000000000000E+00   0.00000000000000000E+00   0.62894668746516388E+02
NP3P1       17   0.50000000000000000E+02  -0.99000000000000000E+02  -0.77793703467588120E+01  -0.83179999999999996E+01   0.12999999999999999E-01   0.00000000000000000E+00   0.00000000000000000E+00   0.41433050249322129E+02
NP3P1       17   0.10000000000000000E+03  -0.99000000000000000E+02  -0.14213984833914223E+02  -0.13571000000000000E+02   0.19000000000000000E-01   0.00000000000000000E+00   0.00000000000000000E+00  -0.33841307048117010E+02
NP3P1       17   0.15000000000000000E+03  -0.99000000000000000E+02  -0.21963057917347317E+02  -0.18033999999999999E+02   0.25000000000000001E-01   0.00000000000000000E+00   0.00000000000000000E+00  -0.15716231669389273E+03
NP3P1       17   0.20000000000000000E+03  -0.99000000000000000E+02  -0.30878288978789747E+02  -0.21957999999999998E+02   0.36999999999999998E-01   0.00000000000000000E+00   0.00000000000000000E+00  -0.24108889131864188E+03
NP3P1       17   0.25000000000000000E+03  -0.99000000000000000E+02  -0.40242926702069610E+02  -0.25375000000000000E+02   0.50999999999999997E-01   0.00000000000000000E+00   0.00000000000000000E+00  -0.29152797455038456E+03
NP3P1       17   0.30000000000000000E+03  -0.99000000000000000E+02  -0.48926607764995765E+02  -0.28308000000000000E+02   0.65000000000000002E-01   0.00000000000000000E+00   0.00000000000000000E+00  -0.31720935023070405E+03
NP3P1       17   0.35000000000000000E+03  -0.99000000000000000E+02  -0.55028128344397949E+02  -0.30747000000000000E+02   0.75999999999999998E-01   0.00000000000000000E+00   0.00000000000000000E+00  -0.31948853084734145E+03
NP3F3       18   0.10000000000000000E+01  -0.99000000000000000E+02  -0.25468994050540623E-04   0.00000000000000000E+00   0.50000000000000001E-03   0.00000000000000000E+00   0.00000000000000000E+00  -0.50937988101081244E-01
NP3F3       18   0.50000000000000000E+01  -0.99000000000000000E+02  -0.41111160643974836E-02  -0.40000000000000001E-02   0.50000000000000001E-03   0.00000000000000000E+00   0.00000000000000000E+00  -0.22223212879496704E+00
NP3F3       18   0.10000000000000000E+02  -0.99000000000000000E+02  -0.26643262312089702E-01  -0.25999999999999999E-01   0.50000000000000001E-03   0.00000000000000000E+00   0.00000000000000000E+00  -0.12865246241794068E+01
NP3F3       18   0.25000000000000000E+02  -0.99000000000000000E+02  -0.19694265314155573E+00  -0.19800000000000001E+00   0.50000000000000001E-03   0.00000000000000000E+00   0.00000000000000000E+00   0.21146937168885493E+01
NP3F3       18   0.50000000000000000E+02  -0.99000000000000000E+02  -0.60054553931090227E+00  -0.61099999999999999E+00   0.20000000000000000E-02   0.00000000000000000E+00   0.00000000000000000E+00   0.52272303445488610E+01
NP3F3       18   0.10000000000000000E+03  -0.99000000000000000E+02  -0.12706150386796735E+01  -0.13810000000000000E+01   0.89999999999999993E-02   0.00000000000000000E+00   0.00000000000000000E+00   0.12264995702258499E+02
NP3F3       18   0.15000000000000000E+03  -0.99000000000000000E+02  -0.15721409874274206E+01  -0.20040000000000000E+01   0.20000000000000000E-01   0.00000000000000000E+00   0.00000000000000000E+00   0.21592950628628969E+02
NP3F3       18   0.20000000000000000E+03  -0.99000000000000000E+02  -0.15264498664332811E+01  -0.25089999999999999E+01   0.33000000000000002E-01   0.00000000000000000E+00   0.00000000000000000E+00   0.29774246471718751E+02
NP3F3       18   0.25000000000000000E+03  -0.99000000000000000E+02  -0.12319114573467214E+01  -0.27810000000000001E+01   0.45999999999999999E-01   0.00000000000000000E+00   0.00000000000000000E+00   0.33675837883766931E+02
NP3F3       18   0.30000000000000000E+03  -0.99000000000000000E+02  -0.82857994798079371E+00  -0.26490000000000000E+01   0.53999999999999999E-01   0.00000000000000000E+00   0.00000000000000000E+00   0.33711482444800119E+02
NP3F3       18   0.35000000000000000E+03  -0.99000000000000000E+02  -0.45367009792588425E+00  -0.20400000000000000E+01   0.69000000000000006E-01   0.00000000000000000E+00   0.00000000000000000E+00   0.22990288435856748E+02
NP3P2       19   0.10000000000000000E+01  -0.99000000000000000E+02   0.33800259503370920E-01   0.21999999999999999E-01   0.50000000000000001E-03   0.00000000000000000E+00   0.00000000000000000E+00   0.23600519006741845E+02
NP3P2       19   0.50000000000000000E+01  -0.99000000000000000E+02   0.38481940520920244E+00   0.25800000000000001E+00   0.10000000000000000E-02   0.00000000000000000E+00   0.00000000000000000E+00   0.12681940520920243E+03
NP3P2       19   0.10000000000000000E+02  -0.99000000000000000E+02   0.10837026630425066E+01   0.72699999999999998E+00   0.20000000000000000E-02   0.00000000000000000E+00   0.00000000000000000E+00   0.17835133152125331E+03
NP3P2       19   0.25000000000000000E+02  -0.99000000000000000E+02   0.39837689250608732E+01   0.26269999999999998E+01   0.50000000000000001E-02   0.00000000000000000E+00   0.00000000000000000E+00   0.27135378501217468E+03
NP3P2       19   0.50000000000000000E+02  -0.99000000000000000E+02   0.94070369137808214E+01   0.60110000000000001E+01   0.89999999999999993E-02   0.00000000000000000E+00   0.00000000000000000E+00   0.37733743486453574E+03
NP3P2       19   0.10000000000000000E+03  -0.99000000000000000E+02   0.17256631878936908E+02   0.11061999999999999E+02   0.17999999999999999E-01   0.00000000000000000E+00   0.00000000000000000E+00   0.34414621549649496E+03
NP3P2       19   0.15000000000000000E+03  -0.99000000000000000E+02   0.19848940025113464E+02   0.14004000000000000E+02   0.20000000000000000E-01   0.00000000000000000E+00   0.00000000000000000E+00   0.29224700125567324E+03
NP3P2       19   0.20000000000000000E+03  -0.99000000000000000E+02   0.18776264816686872E+02   0.15696999999999999E+02   0.25999999999999999E-01   0.00000000000000000E+00   0.00000000000000000E+00   0.11843326218026435E+03
NP3P2       19   0.25000000000000000E+03  -0.99000000000000000E+02   0.15669190665605045E+02   0.16542000000000002E+02   0.32000000000000001E-01   0.00000000000000000E+00   0.00000000000000000E+00  -0.27275291699842384E+02
NP3P2       19   0.30000000000000000E+03  -0.99000000000000000E+02   0.11715059115048286E+02   0.16696999999999999E+02   0.33000000000000002E-01   0.00000000000000000E+00   0.00000000000000000E+00  -0.15096790560459738E+03
NP3P2       19   0.35000000000000000E+03  -0.99000000000000000E+02   0.77912650754994770E+01   0.16280000000000001E+02   0.29999999999999999E-01   0.00000000000000000E+00   0.00000000000000000E+00  -0.28295783081668412E+03
NPE2        20   0.10000000000000000E+01  -0.99000000000000000E+02  -0.13158689020931352E-02  -0.10000000000000000E-02   0.50000000000000001E-03   0.00000000000000000E+00   0.00000000000000000E+00  -0.63173780418627035E+00
NPE2        20   0.50000000000000000E+01  -0.99000000000000000E+02  -0.49106739271707833E-01  -0.48000000000000001E-01   0.50000000000000001E-03   0.00000000000000000E+00   0.00000000000000000E+00  -0.22134785434156643E+01
NPE2        20   0.10000000000000000E+02  -0.99000000000000000E+02  -0.18504973648108414E+00  -0.18400000000000000E+00   0.50000000000000001E-03   0.00000000000000000E+00   0.00000000000000000E+00  -0.20994729621682806E+01
NPE2        20   0.25000000000000000E+02  -0.99000000000000000E+02  -0.75985602556915677E+00  -0.76300000000000001E+00   0.10000000000000000E-02   0.00000000000000000E+00   0.00000000000000000E+00   0.31439744308432438E+01
NPE2        20   0.50000000000000000E+02  -0.99000000000000000E+02  -0.16125754851288061E+01  -0.16610000000000000E+01   0.40000000000000001E-02   0.00000000000000000E+00   0.00000000000000000E+00   0.12106128717798480E+02
NPE2        20   0.10000000000000000E+03  -0.99000000000000000E+02  -0.23639902370535113E+01  -0.26650000000000000E+01   0.80000000000000002E-02   0.00000000000000000E+00   0.00000000000000000E+00   0.37626220368311088E+02
NPE2        20   0.15000000000000000E+03  -0.99000000000000000E+02  -0.23222023241018257E+01  -0.29820000000000002E+01   0.12000000000000000E-01   0.00000000000000000E+00   0.00000000000000000E+00   0.54983139658181209E+02
NPE2        20   0.20000000000000000E+03  -0.99000000000000000E+02  -0.19700622752565580E+01  -0.29710000000000001E+01   0.17000000000000001E-01   0.00000000000000000E+00   0.00000000000000000E+00   0.58878689690790708E+02
NPE2        20   0.25000000000000000E+03  -0.99000000000000000E+02  -0.15252073320153687E+01  -0.27480000000000002E+01   0.21999999999999999E-01   0.00000000000000000E+00   0.00000000000000000E+00   0.55581484908392341E+02
NPE2        20   0.30000000000000000E+03  -0.99000000000000000E+02  -0.10858386015052257E+01  -0.23279999999999998E+01   0.29999999999999999E-01   0.00000000000000000E+00   0.00000000000000000E+00   0.41405379949825807E+02
NPE2        20   0.35000000000000000E+03  -0.99000000000000000E+02  -0.70366352964637280E+00  -0.17270000000000001E+01   0.40000000000000001E-01   0.00000000000000000E+00   0.00000000000000000E+00   0.25583411758840679E+02
NP3F2       21   0.10000000000000000E+01  -0.99000000000000000E+02   0.94791204459275934E-05   0.00000000000000000E+00   0.50000000000000001E-03   0.00000000000000000E+00   0.00000000000000000E+00   0.18958240891855185E-01
NP3F2       21   0.50000000000000000E+01  -0.99000000000000000E+02   0.16378404784659810E-02   0.20000000000000000E-02   0.50000000000000001E-03   0.00000000000000000E+00   0.00000000000000000E+00  -0.72431904306803796E+00
NP3F2       21   0.10000000000000000E+02  -0.99000000000000000E+02   0.11259890008581897E-01   0.10999999999999999E-01   0.50000000000000001E-03   0.00000000000000000E+00   0.00000000000000000E+00   0.51978001716379563E+00
NP3F2       21   0.25000000000000000E+02  -0.99000000000000000E+02   0.93030995336260303E-01   0.90999999999999998E-01   0.50000000000000001E-03   0.00000000000000000E+00   0.00000000000000000E+00   0.40619906725206096E+01
NP3F2       21   0.50000000000000000E+02  -0.99000000000000000E+02   0.32199878315514896E+00   0.30800000000000000E+00   0.20000000000000000E-02   0.00000000000000000E+00   0.00000000000000000E+00   0.69993915775744817E+01
NP3F2       21   0.10000000000000000E+03  -0.99000000000000000E+02   0.88013158794755864E+00   0.77500000000000002E+00   0.89999999999999993E-02   0.00000000000000000E+00   0.00000000000000000E+00   0.11681287549728737E+02
NP3F2       21   0.15000000000000000E+03  -0.99000000000000000E+02   0.14546545309925258E+01   0.11100000000000001E+01   0.17000000000000001E-01   0.00000000000000000E+00   0.00000000000000000E+00   0.20273795940736807E+02
NP3F2       21   0.20000000000000000E+03  -0.99000000000000000E+02   0.19068140278446943E+01   0.12120000000000000E+01   0.21999999999999999E-01   0.00000000000000000E+00   0.00000000000000000E+00   0.31582455811122472E+02
NP3F2       21   0.25000000000000000E+03  -0.99000000000000000E+02   0.20986932313455835E+01   0.10740000000000001E+01   0.28000000000000001E-01   0.00000000000000000E+00   0.00000000000000000E+00   0.36596186833770837E+02
NP3F2       21   0.30000000000000000E+03  -0.99000000000000000E+02   0.19747979550219188E+01   0.74399999999999999E+00   0.40000000000000001E-01   0.00000000000000000E+00   0.00000000000000000E+00   0.30769948875547968E+02
NP3F2       21   0.35000000000000000E+03  -0.99000000000000000E+02   0.15940198893732891E+01   0.26000000000000001E+00   0.56000000000000001E-01   0.00000000000000000E+00   0.00000000000000000E+00   0.23821783738808733E+02
NP3F4       22   0.10000000000000000E+01  -0.99000000000000000E+02   0.22635189293586626E-06   0.00000000000000000E+00   0.50000000000000001E-03   0.00000000000000000E+00   0.00000000000000000E+00   0.45270378587173254E-03
NP3F4       22   0.50000000000000000E+01  -0.99000000000000000E+02   0.10028488448920833E-03   0.00000000000000000E+00   0.50000000000000001E-03   0.00000000000000000E+00   0.00000000000000000E+00   0.20056976897841666E+00
NP3F4       22   0.10000000000000000E+02  -0.99000000000000000E+02   0.11192241696056119E-02   0.10000000000000000E-02   0.50000000000000001E-03   0.00000000000000000E+00   0.00000000000000000E+00   0.23844833921122383E+00
NP3F4       22   0.25000000000000000E+02  -0.99000000000000000E+02   0.17658131953517720E-01   0.16000000000000000E-01   0.50000000000000001E-03   0.00000000000000000E+00   0.00000000000000000E+00   0.33162639070354394E+01
NP3F4       22   0.50000000000000000E+02  -0.99000000000000000E+02   0.99591842902134312E-01   0.91999999999999998E-01   0.10000000000000000E-02   0.00000000000000000E+00   0.00000000000000000E+00   0.75918429021343128E+01
NP3F4       22   0.10000000000000000E+03  -0.99000000000000000E+02   0.42268807704391792E+00   0.43700000000000000E+00   0.50000000000000001E-02   0.00000000000000000E+00   0.00000000000000000E+00  -0.28623845912164159E+01
NP3F4       22   0.15000000000000000E+03  -0.99000000000000000E+02   0.84306058801996830E+00   0.97099999999999997E+00   0.10000000000000000E-01   0.00000000000000000E+00   0.00000000000000000E+00  -0.12793941198003166E+02
NP3F4       22   0.20000000000000000E+03  -0.99000000000000000E+02   0.12177913526660749E+01   0.15629999999999999E+01   0.16000000000000000E-01   0.00000000000000000E+00   0.00000000000000000E+00  -0.21575540458370316E+02
NP3F4       22   0.25000000000000000E+03  -0.99000000000000000E+02   0.14227581761853028E+01   0.20960000000000001E+01   0.21999999999999999E-01   0.00000000000000000E+00   0.00000000000000000E+00  -0.30601901082486243E+02
NP3F4       22   0.30000000000000000E+03  -0.99000000000000000E+02   0.13953895635197848E+01   0.25129999999999999E+01   0.27000000000000000E-01   0.00000000000000000E+00   0.00000000000000000E+00  -0.41392979128896854E+02
NP3F4       22   0.35000000000000000E+03  -0.99000000000000000E+02   0.11615600286317369E+01   0.28220000000000001E+01   0.42999999999999997E-01   0.00000000000000000E+00   0.00000000000000000E+00  -0.38614883055075893E+02
NPE4        23   0.10000000000000000E+01  -0.99000000000000000E+02  -0.39305211726347351E-06   0.00000000000000000E+00   0.50000000000000001E-03   0.00000000000000000E+00   0.00000000000000000E+00  -0.78610423452694705E-03
NPE4        23   0.50000000000000000E+01  -0.99000000000000000E+02  -0.27231688949590173E-03   0.00000000000000000E+00   0.50000000000000001E-03   0.00000000000000000E+00   0.00000000000000000E+00  -0.54463377899180343E+00
NPE4        23   0.10000000000000000E+02  -0.99000000000000000E+02  -0.30098002601956241E-02  -0.30000000000000001E-02   0.50000000000000001E-03   0.00000000000000000E+00   0.00000000000000000E+00  -0.19600520391248148E-01
NPE4        23   0.25000000000000000E+02  -0.99000000000000000E+02  -0.39322081057799309E-01  -0.39000000000000000E-01   0.50000000000000001E-03   0.00000000000000000E+00   0.00000000000000000E+00  -0.64416211559861769E+00
NPE4        23   0.50000000000000000E+02  -0.99000000000000000E+02  -0.16698975862123400E+00  -0.17000000000000001E+00   0.50000000000000001E-03   0.00000000000000000E+00   0.00000000000000000E+00   0.60204827575320303E+01
NPE4        23   0.10000000000000000E+03  -0.99000000000000000E+02  -0.47266823528800039E+00  -0.50600000000000001E+00   0.10000000000000000E-02   0.00000000000000000E+00   0.00000000000000000E+00   0.33331764711999611E+02
NPE4        23   0.15000000000000000E+03  -0.99000000000000000E+02  -0.70852491948297680E+00  -0.82899999999999996E+00   0.30000000000000001E-02   0.00000000000000000E+00   0.00000000000000000E+00   0.40158360172341055E+02
NPE4        23   0.20000000000000000E+03  -0.99000000000000000E+02  -0.82092790829016726E+00  -0.10950000000000000E+01   0.50000000000000001E-02   0.00000000000000000E+00   0.00000000000000000E+00   0.54814418341966544E+02
NPE4        23   0.25000000000000000E+03  -0.99000000000000000E+02  -0.80100634998947706E+00  -0.12949999999999999E+01   0.60000000000000001E-02   0.00000000000000000E+00   0.00000000000000000E+00   0.82332275001753814E+02
NPE4        23   0.30000000000000000E+03  -0.99000000000000000E+02  -0.67440004051839686E+00  -0.14440000000000000E+01   0.70000000000000001E-02   0.00000000000000000E+00   0.00000000000000000E+00   0.10994285135451473E+03
NPE4        23   0.35000000000000000E+03  -0.99000000000000000E+02  -0.49177102618561064E+00  -0.15710000000000000E+01   0.10000000000000000E-01   0.00000000000000000E+00   0.00000000000000000E+00   0.10792289738143891E+03
NP3H4       24   0.10000000000000000E+01  -0.99000000000000000E+02   0.16124409692026106E-08   0.00000000000000000E+00   0.50000000000000001E-03   0.00000000000000000E+00   0.00000000000000000E+00   0.32248819384052211E-05
NP3H4       24   0.50000000000000000E+01  -0.99000000000000000E+02   0.52399100327640021E-05   0.00000000000000000E+00   0.50000000000000001E-03   0.00000000000000000E+00   0.00000000000000000E+00   0.10479820065528004E-01
NP3H4       24   0.10000000000000000E+02  -0.99000000000000000E+02   0.10772457174880150E-03   0.00000000000000000E+00   0.50000000000000001E-03   0.00000000000000000E+00   0.00000000000000000E+00   0.21544914349760300E+00
NP3H4       24   0.25000000000000000E+02  -0.99000000000000000E+02   0.29678529679584916E-02   0.30000000000000001E-02   0.50000000000000001E-03   0.00000000000000000E+00   0.00000000000000000E+00  -0.64294064083016994E-01
NP3H4       24   0.50000000000000000E+02  -0.99000000000000000E+02   0.20752858407283022E-01   0.21000000000000001E-01   0.50000000000000001E-03   0.00000000000000000E+00   0.00000000000000000E+00  -0.49428318543395799E+00
NP3H4       24   0.10000000000000000E+03  -0.99000000000000000E+02   0.92619665398665507E-01   0.92999999999999999E-01   0.50000000000000001E-03   0.00000000000000000E+00   0.00000000000000000E+00  -0.76066920266898430E+00
NP3H4       24   0.15000000000000000E+03  -0.99000000000000000E+02   0.18145362974268969E+00   0.19400000000000001E+00   0.20000000000000000E-02   0.00000000000000000E+00   0.00000000000000000E+00  -0.62731851286551565E+01
NP3H4       24   0.20000000000000000E+03  -0.99000000000000000E+02   0.25848865276525917E+00   0.30900000000000000E+00   0.60000000000000001E-02   0.00000000000000000E+00   0.00000000000000000E+00  -0.84185578724568035E+01
NP3H4       24   0.25000000000000000E+03  -0.99000000000000000E+02   0.30166915842302289E+00   0.42299999999999999E+00   0.12000000000000000E-01   0.00000000000000000E+00   0.00000000000000000E+00  -0.10110903464748091E+02
NP3H4       24   0.30000000000000000E+03  -0.99000000000000000E+02   0.29882356843127966E+00   0.51800000000000002E+00   0.19000000000000000E-01   0.00000000000000000E+00   0.00000000000000000E+00  -0.11535601661511597E+02
NP3H4       24   0.35000000000000000E+03  -0.99000000000000000E+02   0.25292973291887982E+00   0.57799999999999996E+00   0.25999999999999999E-01   0.00000000000000000E+00   0.00000000000000000E+00  -0.12502702580043083E+02
NP1P1       25   0.10000000000000000E+01  -0.99000000000000000E+02  -0.18834718888743801E+00  -0.18600000000000000E+00   0.50000000000000001E-03   0.00000000000000000E+00   0.00000000000000000E+00  -0.46943777748760240E+01
NP1P1       25   0.50000000000000000E+01  -0.99000000000000000E+02  -0.14882833956167156E+01  -0.14940000000000000E+01   0.40000000000000001E-02   0.00000000000000000E+00   0.00000000000000000E+00   0.14291510958210907E+01
NP1P1       25   0.10000000000000000E+02  -0.99000000000000000E+02  -0.30252739248897313E+01  -0.30619999999999998E+01   0.10000000000000000E-01   0.00000000000000000E+00   0.00000000000000000E+00   0.36726075110268486E+01
NP1P1       25   0.25000000000000000E+02  -0.99000000000000000E+02  -0.61294394487021746E+01  -0.63570000000000002E+01   0.33000000000000002E-01   0.00000000000000000E+00   0.00000000000000000E+00   0.68957742817522902E+01
NP1P1       25   0.50000000000000000E+02  -0.99000000000000000E+02  -0.88975501155823196E+01  -0.96630000000000003E+01   0.69000000000000006E-01   0.00000000000000000E+00   0.00000000000000000E+00   0.11093476585763486E+02
NP1P1       25   0.10000000000000000E+03  -0.99000000000000000E+02  -0.12201394620935128E+02  -0.14207000000000001E+02   0.10600000000000000E+00   0.00000000000000000E+00   0.00000000000000000E+00   0.18920805462876160E+02
NP1P1       25   0.15000000000000000E+03  -0.99000000000000000E+02  -0.15190153029764007E+02  -0.17977000000000000E+02   0.11899999999999999E+00   0.00000000000000000E+00   0.00000000000000000E+00   0.23418882102823474E+02
NP1P1       25   0.20000000000000000E+03  -0.99000000000000000E+02  -0.18118764749275584E+02  -0.21234999999999999E+02   0.14399999999999999E+00   0.00000000000000000E+00   0.00000000000000000E+00   0.21640522574475106E+02
NP1P1       25   0.25000000000000000E+03  -0.99000000000000000E+02  -0.20354231065175814E+02  -0.24030000000000001E+02   0.18500000000000000E+00   0.00000000000000000E+00   0.00000000000000000E+00   0.19869021269319934E+02
NP1P1       25   0.30000000000000000E+03  -0.99000000000000000E+02  -0.20900989852519757E+02  -0.26417999999999999E+02   0.22600000000000001E+00   0.00000000000000000E+00   0.00000000000000000E+00   0.24411549325133816E+02
NP1P1       25   0.35000000000000000E+03  -0.99000000000000000E+02  -0.18833881083155912E+02  -0.28417999999999999E+02   0.26100000000000001E+00   0.00000000000000000E+00   0.00000000000000000E+00   0.36720762133502248E+02
NP1F3       26   0.10000000000000000E+01  -0.99000000000000000E+02  -0.76863468473757697E-04   0.00000000000000000E+00   0.50000000000000001E-03   0.00000000000000000E+00   0.00000000000000000E+00  -0.15372693694751538E+00
NP1F3       26   0.50000000000000000E+01  -0.99000000000000000E+02  -0.11202485755780327E-01  -0.10000000000000000E-01   0.50000000000000001E-03   0.00000000000000000E+00   0.00000000000000000E+00  -0.24049715115606536E+01
NP1F3       26   0.10000000000000000E+02  -0.99000000000000000E+02  -0.66567703216103252E-01  -0.64000000000000001E-01   0.50000000000000001E-03   0.00000000000000000E+00   0.00000000000000000E+00  -0.51354064322065014E+01
NP1F3       26   0.25000000000000000E+02  -0.99000000000000000E+02  -0.42202575803062103E+00  -0.42099999999999999E+00   0.50000000000000001E-03   0.00000000000000000E+00   0.00000000000000000E+00  -0.20515160612420980E+01
NP1F3       26   0.50000000000000000E+02  -0.99000000000000000E+02  -0.11318950165422101E+01  -0.11419999999999999E+01   0.30000000000000001E-02   0.00000000000000000E+00   0.00000000000000000E+00   0.33683278192632540E+01
NP1F3       26   0.10000000000000000E+03  -0.99000000000000000E+02  -0.21636942128416656E+01  -0.23039999999999998E+01   0.21999999999999999E-01   0.00000000000000000E+00   0.00000000000000000E+00   0.63775357799242816E+01
NP1F3       26   0.15000000000000000E+03  -0.99000000000000000E+02  -0.26419519541614447E+01  -0.31779999999999999E+01   0.55000000000000000E-01   0.00000000000000000E+00   0.00000000000000000E+00   0.97463281061555502E+01
NP1F3       26   0.20000000000000000E+03  -0.99000000000000000E+02  -0.26698781020396707E+01  -0.39529999999999998E+01   0.85999999999999993E-01   0.00000000000000000E+00   0.00000000000000000E+00   0.14920022069306155E+02
NP1F3       26   0.25000000000000000E+03  -0.99000000000000000E+02  -0.23478670702804507E+01  -0.46719999999999997E+01   0.10199999999999999E+00   0.00000000000000000E+00   0.00000000000000000E+00   0.22785616958034794E+02
NP1F3       26   0.30000000000000000E+03  -0.99000000000000000E+02  -0.18089273327184443E+01  -0.52830000000000004E+01   0.10400000000000000E+00   0.00000000000000000E+00   0.00000000000000000E+00   0.33404544877707266E+02
NP1F3       26   0.35000000000000000E+03  -0.99000000000000000E+02  -0.12131756723508897E+01  -0.57039999999999997E+01   0.12500000000000000E+00   0.00000000000000000E+00   0.00000000000000000E+00   0.35926594621192876E+02
NP3D2       27   0.10000000000000000E+01  -0.99000000000000000E+02   0.60348757425523515E-02   0.60000000000000001E-02   0.50000000000000001E-03   0.00000000000000000E+00   0.00000000000000000E+00   0.69751485104702776E-01
NP3D2       27   0.50000000000000000E+01  -0.99000000000000000E+02   0.22410571773825735E+00   0.21900000000000000E+00   0.50000000000000001E-03   0.00000000000000000E+00   0.00000000000000000E+00   0.10211435476514707E+02
NP3D2       27   0.10000000000000000E+02  -0.99000000000000000E+02   0.85442255716787607E+00   0.84699999999999998E+00   0.10000000000000000E-02   0.00000000000000000E+00   0.00000000000000000E+00   0.74225571678760982E+01
NP3D2       27   0.25000000000000000E+02  -0.99000000000000000E+02   0.37506480554368786E+01   0.37290000000000001E+01   0.80000000000000002E-02   0.00000000000000000E+00   0.00000000000000000E+00   0.27060069296098166E+01
NP3D2       27   0.50000000000000000E+02  -0.99000000000000000E+02   0.91117700917263846E+01   0.90570000000000004E+01   0.27000000000000000E-01   0.00000000000000000E+00   0.00000000000000000E+00   0.20285219157920094E+01
NP3D2       27   0.10000000000000000E+03  -0.99000000000000000E+02   0.17542065630238092E+02   0.17387000000000000E+02   0.49000000000000002E-01   0.00000000000000000E+00   0.00000000000000000E+00   0.31646046987365613E+01
NP3D2       27   0.15000000000000000E+03  -0.99000000000000000E+02   0.21610412055215033E+02   0.21962000000000000E+02   0.66000000000000003E-01   0.00000000000000000E+00   0.00000000000000000E+00  -0.53270900724994998E+01
NP3D2       27   0.20000000000000000E+03  -0.99000000000000000E+02   0.21851906915823783E+02   0.24016999999999999E+02   0.85000000000000006E-01   0.00000000000000000E+00   0.00000000000000000E+00  -0.25471683343249609E+02
NP3D2       27   0.25000000000000000E+03  -0.99000000000000000E+02   0.19455251872635465E+02   0.24846000000000000E+02   0.96000000000000002E-01   0.00000000000000000E+00   0.00000000000000000E+00  -0.56153626326713905E+02
NP3D2       27   0.30000000000000000E+03  -0.99000000000000000E+02   0.15583358968066458E+02   0.25324000000000002E+02   0.11400000000000000E+00   0.00000000000000000E+00   0.00000000000000000E+00  -0.85444219578364411E+02
NP3D2       27   0.35000000000000000E+03  -0.99000000000000000E+02   0.11225808962972348E+02   0.25949999999999999E+02   0.18900000000000000E+00   0.00000000000000000E+00   0.00000000000000000E+00  -0.77905772682685992E+02
NP3G4       28   0.10000000000000000E+01  -0.99000000000000000E+02   0.20375601490750462E-05   0.00000000000000000E+00   0.50000000000000001E-03   0.00000000000000000E+00   0.00000000000000000E+00   0.40751202981500921E-02
NP3G4       28   0.50000000000000000E+01  -0.99000000000000000E+02   0.13080520923648249E-02   0.10000000000000000E-02   0.50000000000000001E-03   0.00000000000000000E+00   0.00000000000000000E+00   0.61610418472964967E+00
NP3G4       28   0.10000000000000000E+02  -0.99000000000000000E+02   0.13762242243794144E-01   0.12000000000000000E-01   0.50000000000000001E-03   0.00000000000000000E+00   0.00000000000000000E+00   0.35244844875882868E+01
NP3G4       28   0.25000000000000000E+02  -0.99000000000000000E+02   0.17065982000345070E+00   0.17000000000000001E+00   0.50000000000000001E-03   0.00000000000000000E+00   0.00000000000000000E+00   0.13196400069013792E+01
NP3G4       28   0.50000000000000000E+02  -0.99000000000000000E+02   0.71851711306971533E+00   0.72699999999999998E+00   0.10000000000000000E-02   0.00000000000000000E+00   0.00000000000000000E+00  -0.84828869302846499E+01
NP3G4       28   0.10000000000000000E+03  -0.99000000000000000E+02   0.20949623551798435E+01   0.22480000000000002E+01   0.10000000000000000E-01   0.00000000000000000E+00   0.00000000000000000E+00  -0.15303764482015669E+02
NP3G4       28   0.15000000000000000E+03  -0.99000000000000000E+02   0.32618031958785276E+01   0.38919999999999999E+01   0.33000000000000002E-01   0.00000000000000000E+00   0.00000000000000000E+00  -0.19096872852165827E+02
NP3G4       28   0.20000000000000000E+03  -0.99000000000000000E+02   0.39258919186759127E+01   0.54840000000000000E+01   0.57000000000000002E-01   0.00000000000000000E+00   0.00000000000000000E+00  -0.27335229496913811E+02
NP3G4       28   0.25000000000000000E+03  -0.99000000000000000E+02   0.39815015905849647E+01   0.68849999999999998E+01   0.70000000000000007E-01   0.00000000000000000E+00   0.00000000000000000E+00  -0.41478548705929072E+02
NP3G4       28   0.30000000000000000E+03  -0.99000000000000000E+02   0.34917452331908727E+01   0.79859999999999998E+01   0.78000000000000000E-01   0.00000000000000000E+00   0.00000000000000000E+00  -0.57618650856527267E+02
NP3G4       28   0.35000000000000000E+03  -0.99000000000000000E+02   0.26599847729071917E+01   0.87289999999999992E+01   0.10400000000000000E+00   0.00000000000000000E+00   0.00000000000000000E+00  -0.58355915645123147E+02
NP3S1       29   0.10000000000000000E+01  -0.99000000000000000E+02  -0.32370724625704320E+02  -0.32353000000000002E+02   0.10000000000000000E-01   0.00000000000000000E+00   0.00000000000000000E+00  -0.17724625704317987E+01
NP3S1       29   0.50000000000000000E+01  -0.99000000000000000E+02  -0.62046461942574204E+02  -0.62045999999999999E+02   0.21999999999999999E-01   0.00000000000000000E+00   0.00000000000000000E+00  -0.20997389736588833E-01
NP3S1       29   0.10000000000000000E+02  -0.99000000000000000E+02  -0.77706293272567677E+02  -0.77707999999999998E+02   0.31000000000000000E-01   0.00000000000000000E+00   0.00000000000000000E+00   0.55055723623259077E-01
NP3S1       29   0.25000000000000000E+02  -0.99000000000000000E+02   0.79984767637745705E+02   0.80135999999999996E+02   0.43999999999999997E-01   0.00000000000000000E+00   0.00000000000000000E+00  -0.34370991421429733E+01
NP3S1       29   0.50000000000000000E+02  -0.99000000000000000E+02   0.61391667797162874E+02   0.62159999999999997E+02   0.52999999999999999E-01   0.00000000000000000E+00   0.00000000000000000E+00  -0.14496834015794759E+02
NP3S1       29   0.10000000000000000E+03  -0.99000000000000000E+02   0.39845904484007363E+02   0.42712000000000003E+02   0.52999999999999999E-01   0.00000000000000000E+00   0.00000000000000000E+00  -0.54077273886653593E+02
NP3S1       29   0.15000000000000000E+03  -0.99000000000000000E+02   0.24905503829965209E+02   0.30391999999999999E+02   0.58000000000000003E-01   0.00000000000000000E+00   0.00000000000000000E+00  -0.94594761552323973E+02
NP3S1       29   0.20000000000000000E+03  -0.99000000000000000E+02   0.12964368590479040E+02   0.20936000000000000E+02   0.71999999999999995E-01   0.00000000000000000E+00   0.00000000000000000E+00  -0.11071710291001334E+03
NP3S1       29   0.25000000000000000E+03  -0.99000000000000000E+02   0.31285505253235266E+01   0.12945000000000000E+02   0.86999999999999994E-01   0.00000000000000000E+00   0.00000000000000000E+00  -0.11283275258248823E+03
NP3S1       29   0.30000000000000000E+03  -0.99000000000000000E+02  -0.47586153925268437E+01   0.58369999999999997E+01   0.98000000000000004E-01   0.00000000000000000E+00   0.00000000000000000E+00  -0.10811852441353922E+03
NP3S1       29   0.35000000000000000E+03  -0.99000000000000000E+02  -0.10104349699336039E+02  -0.64400000000000002E+00   0.10500000000000000E+00   0.00000000000000000E+00   0.00000000000000000E+00  -0.90098568565105140E+02
NPE1        30   0.10000000000000000E+01  -0.99000000000000000E+02  -0.10403955844365449E+00  -0.10400000000000000E+00   0.10000000000000000E-02   0.00000000000000000E+00   0.00000000000000000E+00  -0.39558443654497122E-01
NPE1        30   0.50000000000000000E+01  -0.99000000000000000E+02  -0.65660826830477814E+00  -0.65700000000000003E+00   0.40000000000000001E-02   0.00000000000000000E+00   0.00000000000000000E+00   0.97932923805471583E-01
NPE1        30   0.10000000000000000E+02  -0.99000000000000000E+02  -0.11144299473986778E+01  -0.11250000000000000E+01   0.89999999999999993E-02   0.00000000000000000E+00   0.00000000000000000E+00   0.11744502890357951E+01
NPE1        30   0.25000000000000000E+02  -0.99000000000000000E+02   0.16119833713243581E+01   0.17340000000000000E+01   0.20000000000000000E-01   0.00000000000000000E+00   0.00000000000000000E+00  -0.61008314337820941E+01
NPE1        30   0.50000000000000000E+02  -0.99000000000000000E+02   0.15719538556258519E+01   0.20569999999999999E+01   0.36999999999999998E-01   0.00000000000000000E+00   0.00000000000000000E+00  -0.13109355253355353E+02
NPE1        30   0.10000000000000000E+03  -0.99000000000000000E+02   0.62176694071608762E+00   0.24729999999999999E+01   0.68000000000000005E-01   0.00000000000000000E+00   0.00000000000000000E+00  -0.27224015577704588E+02
NPE1        30   0.15000000000000000E+03  -0.99000000000000000E+02  -0.12034748548867902E+01   0.29380000000000002E+01   0.95000000000000001E-01   0.00000000000000000E+00   0.00000000000000000E+00  -0.43594472156703056E+02
NPE1        30   0.20000000000000000E+03  -0.99000000000000000E+02  -0.39738416753955077E+01   0.34480000000000000E+01   0.11200000000000000E+00   0.00000000000000000E+00   0.00000000000000000E+00  -0.66266443530317034E+02
NPE1        30   0.25000000000000000E+03  -0.99000000000000000E+02  -0.73924905576551296E+01   0.40359999999999996E+01   0.11100000000000000E+00   0.00000000000000000E+00   0.00000000000000000E+00  -0.10295937439328945E+03
NPE1        30   0.30000000000000000E+03  -0.99000000000000000E+02  -0.10494787122562737E+02   0.47530000000000001E+01   0.11300000000000000E+00   0.00000000000000000E+00   0.00000000000000000E+00  -0.13493616922621891E+03
NPE1        30   0.35000000000000000E+03  -0.99000000000000000E+02  -0.11979776997672541E+02   0.56100000000000003E+01   0.16900000000000001E+00   0.00000000000000000E+00   0.00000000000000000E+00  -0.10408152069628721E+03
NP3D1       31   0.10000000000000000E+01  -0.99000000000000000E+02  -0.52108760268948255E-02  -0.50000000000000001E-02   0.50000000000000001E-03   0.00000000000000000E+00   0.00000000000000000E+00  -0.42175205378965075E+00
NP3D1       31   0.50000000000000000E+01  -0.99000000000000000E+02  -0.18483323907282243E+00  -0.17999999999999999E+00   0.50000000000000001E-03   0.00000000000000000E+00   0.00000000000000000E+00  -0.96664781456448630E+01
NP3D1       31   0.10000000000000000E+02  -0.99000000000000000E+02  -0.68305896180064041E+00  -0.67100000000000004E+00   0.20000000000000000E-02   0.00000000000000000E+00   0.00000000000000000E+00  -0.60294809003201832E+01
NP3D1       31   0.25000000000000000E+02  -0.99000000000000000E+02  -0.28330512963463828E+01  -0.27879999999999998E+01   0.89999999999999993E-02   0.00000000000000000E+00   0.00000000000000000E+00  -0.50056995940425493E+01
NP3D1       31   0.50000000000000000E+02  -0.99000000000000000E+02  -0.65289176760631182E+01  -0.64230000000000000E+01   0.25999999999999999E-01   0.00000000000000000E+00   0.00000000000000000E+00  -0.40737567716583927E+01
NP3D1       31   0.10000000000000000E+03  -0.99000000000000000E+02  -0.12290710435861591E+02  -0.12198000000000000E+02   0.48000000000000001E-01   0.00000000000000000E+00   0.00000000000000000E+00  -0.19314674137831389E+01
NP3D1       31   0.15000000000000000E+03  -0.99000000000000000E+02  -0.15761135750124575E+02  -0.16407000000000000E+02   0.58000000000000003E-01   0.00000000000000000E+00   0.00000000000000000E+00   0.11135590515093531E+02
NP3D1       31   0.20000000000000000E+03  -0.99000000000000000E+02  -0.16841028701302733E+02  -0.19681999999999999E+02   0.70999999999999994E-01   0.00000000000000000E+00   0.00000000000000000E+00   0.40013680263341776E+02
NP3D1       31   0.25000000000000000E+03  -0.99000000000000000E+02  -0.15537466215190035E+02  -0.22324000000000002E+02   0.80000000000000002E-01   0.00000000000000000E+00   0.00000000000000000E+00   0.84831672310124588E+02
NP3D1       31   0.30000000000000000E+03  -0.99000000000000000E+02  -0.12529943422789533E+02  -0.24369000000000000E+02   0.10800000000000000E+00   0.00000000000000000E+00   0.00000000000000000E+00   0.10962089423343025E+03
NP3D1       31   0.35000000000000000E+03  -0.99000000000000000E+02  -0.90775363424891982E+01  -0.25699000000000002E+02   0.19100000000000000E+00   0.00000000000000000E+00   0.00000000000000000E+00   0.87023369934611523E+02
NP3D3       32   0.10000000000000000E+01  -0.99000000000000000E+02   0.58904686640042585E-04   0.00000000000000000E+00   0.50000000000000001E-03   0.00000000000000000E+00   0.00000000000000000E+00   0.11780937328008517E+00
NP3D3       32   0.50000000000000000E+01  -0.99000000000000000E+02   0.14480491411492371E-03   0.20000000000000000E-02   0.50000000000000001E-03   0.00000000000000000E+00   0.00000000000000000E+00  -0.37103901717701526E+01
NP3D3       32   0.10000000000000000E+02  -0.99000000000000000E+02  -0.52823686919445025E-02   0.50000000000000001E-02   0.50000000000000001E-03   0.00000000000000000E+00   0.00000000000000000E+00  -0.20564737383889003E+02
NP3D3       32   0.25000000000000000E+02  -0.99000000000000000E+02  -0.48729415252428833E-01   0.42999999999999997E-01   0.10000000000000000E-02   0.00000000000000000E+00   0.00000000000000000E+00  -0.91729415252428836E+02
NP3D3       32   0.50000000000000000E+02  -0.99000000000000000E+02  -0.10364321916830248E+00   0.31500000000000000E+00   0.40000000000000001E-02   0.00000000000000000E+00   0.00000000000000000E+00  -0.10466080479207562E+03
NP3D3       32   0.10000000000000000E+03  -0.99000000000000000E+02  -0.93419276746476584E-01   0.14440000000000000E+01   0.16000000000000000E-01   0.00000000000000000E+00   0.00000000000000000E+00  -0.96088704796654781E+02
NP3D3       32   0.15000000000000000E+03  -0.99000000000000000E+02  -0.76475594877014719E-01   0.26429999999999998E+01   0.33000000000000002E-01   0.00000000000000000E+00   0.00000000000000000E+00  -0.82408351359909517E+02
NP3D3       32   0.20000000000000000E+03  -0.99000000000000000E+02  -0.10143811820536618E+00   0.34849999999999999E+01   0.50999999999999997E-01   0.00000000000000000E+00   0.00000000000000000E+00  -0.70322316043242481E+02
NP3D3       32   0.25000000000000000E+03  -0.99000000000000000E+02  -0.12949534921266148E+00   0.39310000000000000E+01   0.70999999999999994E-01   0.00000000000000000E+00   0.00000000000000000E+00  -0.57190075341023409E+02
NP3D3       32   0.30000000000000000E+03  -0.99000000000000000E+02  -0.11719467960668049E+00   0.40990000000000002E+01   0.95000000000000001E-01   0.00000000000000000E+00   0.00000000000000000E+00  -0.44380996627438748E+02
NP3D3       32   0.35000000000000000E+03  -0.99000000000000000E+02  -0.62639429781127409E-01   0.41210000000000004E+01   0.12100000000000000E+00   0.00000000000000000E+00   0.00000000000000000E+00  -0.34575532477529983E+02
NPE3        33   0.10000000000000000E+01  -0.99000000000000000E+02   0.89466254423883180E-04   0.00000000000000000E+00   0.50000000000000001E-03   0.00000000000000000E+00   0.00000000000000000E+00   0.17893250884776635E+00
NPE3        33   0.50000000000000000E+01  -0.99000000000000000E+02   0.13379571747016228E-01   0.12000000000000000E-01   0.50000000000000001E-03   0.00000000000000000E+00   0.00000000000000000E+00   0.27591434940324557E+01
NPE3        33   0.10000000000000000E+02  -0.99000000000000000E+02   0.81760404472189005E-01   0.80000000000000002E-01   0.50000000000000001E-03   0.00000000000000000E+00   0.00000000000000000E+00   0.35208089443780066E+01
NPE3        33   0.25000000000000000E+02  -0.99000000000000000E+02   0.55399874137601279E+00   0.55300000000000005E+00   0.50000000000000001E-03   0.00000000000000000E+00   0.00000000000000000E+00   0.19974827520254923E+01
NPE3        33   0.50000000000000000E+02  -0.99000000000000000E+02   0.16107089959830680E+01   0.16150000000000000E+01   0.30000000000000001E-02   0.00000000000000000E+00   0.00000000000000000E+00  -0.14303346723106476E+01
NPE3        33   0.10000000000000000E+03  -0.99000000000000000E+02   0.34657496803976122E+01   0.34980000000000002E+01   0.16000000000000000E-01   0.00000000000000000E+00   0.00000000000000000E+00  -0.20156449751492498E+01
NPE3        33   0.15000000000000000E+03  -0.99000000000000000E+02   0.46781393259713715E+01   0.48250000000000002E+01   0.28000000000000001E-01   0.00000000000000000E+00   0.00000000000000000E+00  -0.52450240724510238E+01
NPE3        33   0.20000000000000000E+03  -0.99000000000000000E+02   0.52117043831586214E+01   0.57489999999999997E+01   0.34000000000000002E-01   0.00000000000000000E+00   0.00000000000000000E+00  -0.15802812260040536E+02
NPE3        33   0.25000000000000000E+03  -0.99000000000000000E+02   0.50596285633704152E+01   0.64269999999999996E+01   0.42999999999999997E-01   0.00000000000000000E+00   0.00000000000000000E+00  -0.31799335735571731E+02
NPE3        33   0.30000000000000000E+03  -0.99000000000000000E+02   0.43070170064481488E+01   0.69379999999999997E+01   0.52999999999999999E-01   0.00000000000000000E+00   0.00000000000000000E+00  -0.49641188557582097E+02
NPE3        33   0.35000000000000000E+03  -0.99000000000000000E+02   0.31860034945753704E+01   0.72939999999999996E+01   0.64000000000000001E-01   0.00000000000000000E+00   0.00000000000000000E+00  -0.64187445397259836E+02
NP3G3       34   0.10000000000000000E+01  -0.99000000000000000E+02  -0.52616597301876872E-06   0.00000000000000000E+00   0.50000000000000001E-03   0.00000000000000000E+00   0.00000000000000000E+00  -0.10523319460375375E-02
NP3G3       34   0.50000000000000000E+01  -0.99000000000000000E+02  -0.35249901989211442E-03   0.00000000000000000E+00   0.50000000000000001E-03   0.00000000000000000E+00   0.00000000000000000E+00  -0.70499803978422881E+00
NP3G3       34   0.10000000000000000E+02  -0.99000000000000000E+02  -0.38690729948367350E-02  -0.30000000000000001E-02   0.50000000000000001E-03   0.00000000000000000E+00   0.00000000000000000E+00  -0.17381459896734699E+01
NP3G3       34   0.25000000000000000E+02  -0.99000000000000000E+02  -0.53556161736884253E-01  -0.52999999999999999E-01   0.50000000000000001E-03   0.00000000000000000E+00   0.00000000000000000E+00  -0.11123234737685088E+01
NP3G3       34   0.50000000000000000E+02  -0.99000000000000000E+02  -0.26182612504223851E+00  -0.26500000000000001E+00   0.10000000000000000E-02   0.00000000000000000E+00   0.00000000000000000E+00   0.31738749577615022E+01
NP3G3       34   0.10000000000000000E+03  -0.99000000000000000E+02  -0.93861366900508580E+00  -0.99600000000000000E+00   0.89999999999999993E-02   0.00000000000000000E+00   0.00000000000000000E+00   0.63762589994349108E+01
NP3G3       34   0.15000000000000000E+03  -0.99000000000000000E+02  -0.16837054819854449E+01  -0.19190000000000000E+01   0.29999999999999999E-01   0.00000000000000000E+00   0.00000000000000000E+00   0.78431506004851714E+01
NP3G3       34   0.20000000000000000E+03  -0.99000000000000000E+02  -0.22582045711707321E+01  -0.28790000000000000E+01   0.52999999999999999E-01   0.00000000000000000E+00   0.00000000000000000E+00   0.11713121298665431E+02
NP3G3       34   0.25000000000000000E+03  -0.99000000000000000E+02  -0.24843130301288312E+01  -0.37989999999999999E+01   0.69000000000000006E-01   0.00000000000000000E+00   0.00000000000000000E+00   0.19053434345958966E+02
NP3G3       34   0.30000000000000000E+03  -0.99000000000000000E+02  -0.22908363148179669E+01  -0.46689999999999996E+01   0.84000000000000005E-01   0.00000000000000000E+00   0.00000000000000000E+00   0.28311472442643243E+02
NP3G3       34   0.35000000000000000E+03  -0.99000000000000000E+02  -0.17698253709371670E+01  -0.55170000000000003E+01   0.11799999999999999E+00   0.00000000000000000E+00   0.00000000000000000E+00   0.31755717195447740E+02
H2E     100001  -0.99000000000000000E+02  -0.99000000000000000E+02   0.00000000000000000E+00   0.00000000000000000E+00   0.10000000000000000E+01   0.00000000000000000E+00   0.00000000000000000E+00   0.00000000000000000E+00
H2E     100002  -0.99000000000000000E+02  -0.99000000000000000E+02   0.00000000000000000E+00   0.00000000000000000E+00   0.10000000000000000E+01   0.00000000000000000E+00   0.00000000000000000E+00   0.00000000000000000E+00
H2E     100003  -0.99000000000000000E+02  -0.99000000000000000E+02   0.00000000000000000E+00   0.00000000000000000E+00   0.10000000000000000E+01   0.00000000000000000E+00   0.00000000000000000E+00   0.00000000000000000E+00
H2E     100004  -0.99000000000000000E+02  -0.99000000000000000E+02   0.00000000000000000E+00   0.00000000000000000E+00   0.10000000000000000E+01   0.00000000000000000E+00   0.00000000000000000E+00   0.00000000000000000E+00
H2E     100005  -0.99000000000000000E+02  -0.99000000000000000E+02   0.00000000000000000E+00   0.00000000000000000E+00   0.10000000000000000E+01   0.00000000000000000E+00   0.00000000000000000E+00   0.00000000000000000E+00
H2E     100006  -0.99000000000000000E+02  -0.99000000000000000E+02   0.00000000000000000E+00   0.00000000000000000E+00   0.10000000000000000E+01   0.00000000000000000E+00   0.00000000000000000E+00   0.00000000000000000E+00
H2E     100007  -0.99000000000000000E+02  -0.99000000000000000E+02   0.00000000000000000E+00   0.00000000000000000E+00   0.10000000000000000E+01   0.00000000000000000E+00   0.00000000000000000E+00   0.00000000000000000E+00
H2E     100008  -0.99000000000000000E+02  -0.99000000000000000E+02   0.00000000000000000E+00   0.00000000000000000E+00   0.10000000000000000E+01   0.00000000000000000E+00   0.00000000000000000E+00   0.00000000000000000E+00
H2E     100009  -0.99000000000000000E+02  -0.99000000000000000E+02   0.00000000000000000E+00   0.00000000000000000E+00   0.10000000000000000E+01   0.00000000000000000E+00   0.00000000000000000E+00   0.00000000000000000E+00
H2E     100010  -0.99000000000000000E+02  -0.99000000000000000E+02   0.00000000000000000E+00   0.00000000000000000E+00   0.10000000000000000E+01   0.00000000000000000E+00   0.00000000000000000E+00   0.00000000000000000E+00
H2E     100011  -0.99000000000000000E+02  -0.99000000000000000E+02   0.00000000000000000E+00   0.00000000000000000E+00   0.10000000000000000E+01   0.00000000000000000E+00   0.00000000000000000E+00   0.00000000000000000E+00
H2E     100012  -0.99000000000000000E+02  -0.99000000000000000E+02   0.00000000000000000E+00   0.00000000000000000E+00   0.10000000000000000E+01   0.00000000000000000E+00   0.00000000000000000E+00   0.00000000000000000E+00
H2E     100013  -0.99000000000000000E+02  -0.99000000000000000E+02   0.00000000000000000E+00   0.00000000000000000E+00   0.10000000000000000E+01   0.00000000000000000E+00   0.00000000000000000E+00   0.00000000000000000E+00
H2E     100014  -0.99000000000000000E+02  -0.99000000000000000E+02   0.00000000000000000E+00   0.00000000000000000E+00   0.10000000000000000E+01   0.00000000000000000E+00   0.00000000000000000E+00   0.00000000000000000E+00
H2E     100015  -0.99000000000000000E+02  -0.99000000000000000E+02   0.00000000000000000E+00   0.00000000000000000E+00   0.10000000000000000E+01   0.00000000000000000E+00   0.00000000000000000E+00   0.00000000000000000E+00
H2E     100016  -0.99000000000000000E+02  -0.99000000000000000E+02   0.00000000000000000E+00   0.00000000000000000E+00   0.10000000000000000E+01   0.00000000000000000E+00   0.00000000000000000E+00   0.00000000000000000E+00
H2E     100017  -0.99000000000000000E+02  -0.99000000000000000E+02   0.00000000000000000E+00   0.00000000000000000E+00   0.10000000000000000E+01   0.00000000000000000E+00   0.00000000000000000E+00   0.00000000000000000E+00
H2E     100018  -0.99000000000000000E+02  -0.99000000000000000E+02   0.00000000000000000E+00   0.00000000000000000E+00   0.10000000000000000E+01   0.00000000000000000E+00   0.00000000000000000E+00   0.00000000000000000E+00
H2E     100019  -0.99000000000000000E+02  -0.99000000000000000E+02   0.00000000000000000E+00   0.00000000000000000E+00   0.10000000000000000E+01   0.00000000000000000E+00   0.00000000000000000E+00   0.00000000000000000E+00
H2E     100020  -0.99000000000000000E+02  -0.99000000000000000E+02   0.00000000000000000E+00   0.00000000000000000E+00   0.10000000000000000E+01   0.00000000000000000E+00   0.00000000000000000E+00   0.00000000000000000E+00
H2E     100021  -0.99000000000000000E+02  -0.99000000000000000E+02   0.00000000000000000E+00   0.00000000000000000E+00   0.10000000000000000E+01   0.00000000000000000E+00   0.00000000000000000E+00   0.00000000000000000E+00
H2E     100022  -0.99000000000000000E+02  -0.99000000000000000E+02   0.00000000000000000E+00   0.00000000000000000E+00   0.10000000000000000E+01   0.00000000000000000E+00   0.00000000000000000E+00   0.00000000000000000E+00
H2E     100023  -0.99000000000000000E+02  -0.99000000000000000E+02   0.00000000000000000E+00   0.00000000000000000E+00   0.10000000000000000E+01   0.00000000000000000E+00   0.00000000000000000E+00   0.00000000000000000E+00
H2E     100024  -0.99000000000000000E+02  -0.99000000000000000E+02   0.00000000000000000E+00   0.00000000000000000E+00   0.10000000000000000E+01   0.00000000000000000E+00   0.00000000000000000E+00   0.00000000000000000E+00
H2E     100025  -0.99000000000000000E+02  -0.99000000000000000E+02  -0.22102449399621031E+01  -0.22245750000000002E+01   0.22245750000000002E+01   0.00000000000000000E+00   0.00000000000000000E+00   0.64417068599157369E-02
H2R     100025  -0.99000000000000000E+02  -0.99000000000000000E+02   0.19757658488272662E+01   0.19753499999999999E+01   0.19753499999999999E+01   0.00000000000000000E+00   0.00000000000000000E+00   0.21051906106072719E-03
H2Q     100025  -0.99000000000000000E+02  -0.99000000000000000E+02   0.26351753034537373E+00   0.27000000000000002E+00   0.27000000000000002E+00   0.00000000000000000E+00   0.00000000000000000E+00  -0.24009146868986253E-01
H2E     100026  -0.99000000000000000E+02  -0.99000000000000000E+02   0.00000000000000000E+00   0.00000000000000000E+00   0.10000000000000000E+01   0.00000000000000000E+00   0.00000000000000000E+00   0.00000000000000000E+00
H2E     100027  -0.99000000000000000E+02  -0.99000000000000000E+02   0.00000000000000000E+00   0.00000000000000000E+00   0.10000000000000000E+01   0.00000000000000000E+00   0.00000000000000000E+00   0.00000000000000000E+00
H2E     100028  -0.99000000000000000E+02  -0.99000000000000000E+02   0.00000000000000000E+00   0.00000000000000000E+00   0.10000000000000000E+01   0.00000000000000000E+00   0.00000000000000000E+00   0.00000000000000000E+00
H2E     100029  -0.99000000000000000E+02  -0.99000000000000000E+02   0.00000000000000000E+00   0.00000000000000000E+00   0.10000000000000000E+01   0.00000000000000000E+00   0.00000000000000000E+00   0.00000000000000000E+00
H2E     100030  -0.99000000000000000E+02  -0.99000000000000000E+02   0.00000000000000000E+00   0.00000000000000000E+00   0.10000000000000000E+01   0.00000000000000000E+00   0.00000000000000000E+00   0.00000000000000000E+00
H2E     100031  -0.99000000000000000E+02  -0.99000000000000000E+02   0.00000000000000000E+00   0.00000000000000000E+00   0.10000000000000000E+01   0.00000000000000000E+00   0.00000000000000000E+00   0.00000000000000000E+00
H2E     100032  -0.99000000000000000E+02  -0.99000000000000000E+02   0.00000000000000000E+00   0.00000000000000000E+00   0.10000000000000000E+01   0.00000000000000000E+00   0.00000000000000000E+00   0.00000000000000000E+00
H2E     100033  -0.99000000000000000E+02  -0.99000000000000000E+02   0.00000000000000000E+00   0.00000000000000000E+00   0.10000000000000000E+01   0.00000000000000000E+00   0.00000000000000000E+00   0.00000000000000000E+00
H2E     100034  -0.99000000000000000E+02  -0.99000000000000000E+02   0.00000000000000000E+00   0.00000000000000000E+00   0.10000000000000000E+01   0.00000000000000000E+00   0.00000000000000000E+00   0.00000000000000000E+00
H2E     100035  -0.99000000000000000E+02  -0.99000000000000000E+02   0.00000000000000000E+00   0.00000000000000000E+00   0.10000000000000000E+01   0.00000000000000000E+00   0.00000000000000000E+00   0.00000000000000000E+00
H2E     100036  -0.99000000000000000E+02  -0.99000000000000000E+02   0.00000000000000000E+00   0.00000000000000000E+00   0.10000000000000000E+01   0.00000000000000000E+00   0.00000000000000000E+00   0.00000000000000000E+00
H2E     100037  -0.99000000000000000E+02  -0.99000000000000000E+02   0.00000000000000000E+00   0.00000000000000000E+00   0.10000000000000000E+01   0.00000000000000000E+00   0.00000000000000000E+00   0.00000000000000000E+00
H2E     100038  -0.99000000000000000E+02  -0.99000000000000000E+02   0.00000000000000000E+00   0.00000000000000000E+00   0.10000000000000000E+01   0.00000000000000000E+00   0.00000000000000000E+00   0.00000000000000000E+00
H2E     100039  -0.99000000000000000E+02  -0.99000000000000000E+02   0.00000000000000000E+00   0.00000000000000000E+00   0.10000000000000000E+01   0.00000000000000000E+00   0.00000000000000000E+00   0.00000000000000000E+00
H2E     100040  -0.99000000000000000E+02  -0.99000000000000000E+02   0.00000000000000000E+00   0.00000000000000000E+00   0.10000000000000000E+01   0.00000000000000000E+00   0.00000000000000000E+00   0.00000000000000000E+00
H2E     100041  -0.99000000000000000E+02  -0.99000000000000000E+02   0.00000000000000000E+00   0.00000000000000000E+00   0.10000000000000000E+01   0.00000000000000000E+00   0.00000000000000000E+00   0.00000000000000000E+00
H2E     100042  -0.99000000000000000E+02  -0.99000000000000000E+02   0.00000000000000000E+00   0.00000000000000000E+00   0.10000000000000000E+01   0.00000000000000000E+00   0.00000000000000000E+00   0.00000000000000000E+00
H2E     100043  -0.99000000000000000E+02  -0.99000000000000000E+02   0.00000000000000000E+00   0.00000000000000000E+00   0.10000000000000000E+01   0.00000000000000000E+00   0.00000000000000000E+00   0.00000000000000000E+00
H2E     100044  -0.99000000000000000E+02  -0.99000000000000000E+02   0.00000000000000000E+00   0.00000000000000000E+00   0.10000000000000000E+01   0.00000000000000000E+00   0.00000000000000000E+00   0.00000000000000000E+00
H2E     100045  -0.99000000000000000E+02  -0.99000000000000000E+02   0.00000000000000000E+00   0.00000000000000000E+00   0.10000000000000000E+01   0.00000000000000000E+00   0.00000000000000000E+00   0.00000000000000000E+00
H2E     100046  -0.99000000000000000E+02  -0.99000000000000000E+02   0.00000000000000000E+00   0.00000000000000000E+00   0.10000000000000000E+01   0.00000000000000000E+00   0.00000000000000000E+00   0.00000000000000000E+00
H2E     100047  -0.99000000000000000E+02  -0.99000000000000000E+02   0.00000000000000000E+00   0.00000000000000000E+00   0.10000000000000000E+01   0.00000000000000000E+00   0.00000000000000000E+00   0.00000000000000000E+00
H2E     100048  -0.99000000000000000E+02  -0.99000000000000000E+02   0.00000000000000000E+00   0.00000000000000000E+00   0.10000000000000000E+01   0.00000000000000000E+00   0.00000000000000000E+00   0.00000000000000000E+00
H2E     100049  -0.99000000000000000E+02  -0.99000000000000000E+02   0.00000000000000000E+00   0.00000000000000000E+00   0.10000000000000000E+01   0.00000000000000000E+00   0.00000000000000000E+00   0.00000000000000000E+00
H2E     100050  -0.99000000000000000E+02  -0.99000000000000000E+02   0.00000000000000000E+00   0.00000000000000000E+00   0.10000000000000000E+01   0.00000000000000000E+00   0.00000000000000000E+00   0.00000000000000000E+00
H2E     100051  -0.99000000000000000E+02  -0.99000000000000000E+02   0.00000000000000000E+00   0.00000000000000000E+00   0.10000000000000000E+01   0.00000000000000000E+00   0.00000000000000000E+00   0.00000000000000000E+00
H2E     100052  -0.99000000000000000E+02  -0.99000000000000000E+02   0.00000000000000000E+00   0.00000000000000000E+00   0.10000000000000000E+01   0.00000000000000000E+00   0.00000000000000000E+00   0.00000000000000000E+00
H3E     300000  -0.99000000000000000E+02  -0.99000000000000000E+02  -0.84836017115097526E+01  -0.84800000000000004E+01   0.50880000000000002E-01   0.00000000000000000E+00   0.00000000000000000E+00  -0.70788355144500631E-01
H3R     300000  -0.99000000000000000E+02  -0.99000000000000000E+02   0.15896424986536346E+01   0.15870000000000000E+01   0.95219999999999992E-02   0.00000000000000000E+00   0.00000000000000000E+00   0.27751508649807183E+00
He3E    300000  -0.99000000000000000E+02  -0.99000000000000000E+02  -0.77262202332374947E+01  -0.77180000000000000E+01   0.46307999999999995E-01   0.00000000000000000E+00   0.00000000000000000E+00  -0.17751216285511723E+00
He3R    300000  -0.99000000000000000E+02  -0.99000000000000000E+02   0.17727765601956120E+01   0.17700000000000000E+01   0.10620000000000001E-01   0.00000000000000000E+00   0.00000000000000000E+00   0.26144634610282580E+00
He4E    300000  -0.99000000000000000E+02  -0.99000000000000000E+02  -0.28300765182883385E+02  -0.28300000000000001E+02   0.16980000000000001E+00   0.00000000000000000E+00   0.00000000000000000E+00  -0.45063774050903473E-02
He4R    300000  -0.99000000000000000E+02  -0.99000000000000000E+02   0.14607233834458258E+01   0.14550000000000001E+01   0.87299999999999999E-02   0.00000000000000000E+00   0.00000000000000000E+00   0.65559947833054755E+00
a_pp    300002   0.00000000000000000E+00  -0.99000000000000000E+02  -0.78155519578216257E+01  -0.78196000000000003E+01   0.78196000000000006E-03   0.00000000000000000E+00   0.00000000000000000E+00   0.51767893221835157E+01
r_pp    300002   0.00000000000000000E+00  -0.99000000000000000E+02   0.28578119559867483E+01   0.27900000000000000E+01   0.69750000000000003E-02   0.00000000000000000E+00   0.00000000000000000E+00   0.97221442274907908E+01
a_np    300002   0.00000000000000000E+00  -0.99000000000000000E+02  -0.23721588241186438E+02  -0.23739999999999998E+02   0.23739999999999998E-02   0.00000000000000000E+00   0.00000000000000000E+00   0.77555850099241548E+01
r_np    300002   0.00000000000000000E+00  -0.99000000000000000E+02   0.27868783893719034E+01   0.27700000000000000E+01   0.27700000000000003E-02   0.00000000000000000E+00   0.00000000000000000E+00   0.60932813616979544E+01
a_nn    300002   0.00000000000000000E+00  -0.99000000000000000E+02  -0.18628228688728811E+02  -0.18949999999999999E+02   0.28424999999999995E+00   0.00000000000000000E+00   0.00000000000000000E+00   0.11320010950613490E+01
r_nn    300002   0.00000000000000000E+00  -0.99000000000000000E+02   0.29093086340725249E+01   0.27500000000000000E+01   0.13750000000000000E-01   0.00000000000000000E+00   0.00000000000000000E+00   0.11586082478001813E+02
